14
0 0 0
1 1 1
0 2 3
2 0 3
-2 0 3
1 1 2
0 2 3
2 0 3
-2 0 3
0 0 1
100 100 100
98 50 7
45 97 1
50 1 1
42 64 4
56 11 8
23 72 1
86 97 2
99 71 0
4 89 6
82 29 6
8 20 6
45 12 5
34 74 2
91 34 5
87 33 3
82 58 7
63 52 3
60 46 0
96 41 4
67 35 1
2 41 9
6 33 6
10 1 5
22 66 6
35 65 3
0 79 3
92 85 2
88 40 8
73 59 6
72 25 1
26 61 4
55 66 5
76 90 3
34 29 0
31 38 9
91 61 9
52 99 6
50 24 4
38 44 5
15 79 7
37 79 4
58 11 5
30 73 1
22 90 4
12 47 9
9 71 1
66 45 6
51 27 4
61 92 5
90 50 2
87 84 7
3 25 2
94 72 1
96 42 7
56 68 4
10 91 6
19 19 5
53 13 3
69 68 0
4 94 4
90 42 2
48 60 8
51 8 8
60 14 5
61 14 9
56 72 5
35 18 5
76 91 8
46 7 7
34 38 7
92 24 5
86 63 9
75 79 2
2 87 9
83 32 4
95 27 6
39 17 5
6 48 3
18 77 1
46 50 4
3 58 2
62 62 5
95 91 2
44 97 9
92 95 2
39 49 4
22 93 1
90 48 1
88 43 2
34 88 6
44 97 2
15 44 5
56 70 9
15 57 9
73 32 3
39 13 4
46 94 0
51 91 9
33 10 9
90 62 8
14 58 0
46 64 0
71 36 3
29 87 5
6 41 2
66 64 3
58 13 8
30 83 5
81 41 1
52 21 5
88 62 6
15 79 7
76 87 3
75 42 0
40 2 5
42 66 3
72 40 0
10 66 8
19 53 1
82 89 5
7 5 8
1 89 9
73 75 3
36 8 2
61 63 4
24 21 4
45 92 6
27 86 6
49 39 8
44 5 2
59 26 5
17 38 1
69 92 2
95 7 5
41 3 1
68 92 1
42 86 5
80 3 7
12 11 0
88 74 0
88 26 5
86 83 9
36 60 8
18 10 2
28 89 9
81 29 9
37 69 8
48 75 9
55 61 0
86 6 3
8 20 6
18 6 0
34 78 2
33 80 7
77 92 7
45 32 5
71 22 6
64 59 3
2 81 1
42 97 3
16 92 2
46 79 4
81 26 4
1 71 0
33 74 8
23 49 5
22 76 0
43 52 8
87 4 7
2 8 3
96 0 7
29 4 8
42 4 2
13 22 1
5 95 1
22 43 0
63 43 2
53 47 0
39 91 0
3 58 1
31 30 8
46 9 5
64 94 2
41 32 3
51 5 1
27 45 5
12 74 5
12 51 9
25 38 4
29 77 4
61 20 1
6 86 6
41 33 5
57 93 1
64 45 6
86 74 0
68 51 7
48 98 5
15 72 1
1 24 6
65 57 7
71 2 4
99 98 7
36 6 9
5 91 9
47 25 6
19 15 3
44 54 2
9 66 7
81 38 5
25 42 4
79 38 3
66 5 7
38 86 9
12 2 9
41 5 3
61 98 9
69 42 4
61 94 6
2 21 5
70 19 9
49 11 4
90 55 7
24 98 4
86 47 4
61 78 6
40 64 5
3 49 7
76 91 6
86 62 9
68 63 2
71 69 2
96 9 5
16 89 8
73 70 5
23 30 6
44 56 7
67 81 3
88 63 6
76 27 7
87 40 6
12 52 9
12 76 7
44 63 4
98 64 6
82 9 1
59 2 9
16 74 2
95 6 1
26 90 9
45 40 6
43 25 5
60 30 4
24 98 2
68 27 1
44 19 8
30 53 2
31 78 1
40 44 5
86 21 2
3 19 9
91 12 9
80 89 5
93 17 5
53 59 7
16 59 5
1 88 5
64 90 7
99 55 9
26 73 5
65 48 4
90 51 7
71 23 8
7 61 1
79 90 6
90 69 8
77 75 4
35 88 1
94 8 4
11 28 7
39 79 7
59 47 1
79 76 8
58 37 5
90 18 7
52 74 2
27 7 3
93 10 2
77 75 8
90 22 8
93 86 7
57 75 1
95 6 7
21 24 9
64 78 1
15 46 7
2 43 3
39 77 9
35 39 3
28 52 5
0 100 100
98 50 17
45 97 1
50 1 61
42 64 64
56 11 48
23 72 91
86 97 52
99 71 40
4 89 66
82 29 76
8 20 76
45 12 15
34 74 2
91 34 95
87 33 53
82 58 57
63 52 43
60 46 60
96 41 94
67 35 81
2 41 19
6 33 76
10 1 85
22 66 56
35 65 43
0 79 3
92 85 62
88 40 58
73 59 16
72 25 11
26 61 34
55 66 85
76 90 93
34 29 10
31 38 69
91 61 79
52 99 36
50 24 14
38 44 15
15 79 77
37 79 34
58 11 65
30 73 91
22 90 84
12 47 99
9 71 31
66 45 56
51 27 84
61 92 25
90 50 32
87 84 77
3 25 42
94 72 1
96 42 7
56 68 34
10 91 6
19 19 15
53 13 93
69 68 20
4 94 64
90 42 22
48 60 78
51 8 18
60 14 15
61 14 39
56 72 85
35 18 85
76 91 28
46 7 17
34 38 67
92 24 65
86 63 49
75 79 82
2 87 59
83 32 84
95 27 86
39 17 15
6 48 23
18 77 51
46 50 54
3 58 2
62 62 65
95 91 32
44 97 29
92 95 32
39 49 84
22 93 31
90 48 41
88 43 52
34 88 56
44 97 32
15 44 75
56 70 99
15 57 69
73 32 23
39 13 84
46 94 60
51 91 19
33 10 69
90 62 48
14 58 0
46 64 70
71 36 63
29 87 65
6 41 42
66 64 33
58 13 88
30 83 55
81 41 91
52 21 35
88 62 76
15 79 7
76 87 73
75 42 70
40 2 35
42 66 63
72 40 60
10 66 18
19 53 31
82 89 5
7 5 98
1 89 69
73 75 33
36 8 62
61 63 44
24 21 84
45 92 66
27 86 76
49 39 88
44 5 32
59 26 85
17 38 41
69 92 72
95 7 55
41 3 91
68 92 31
42 86 75
80 3 97
12 11 70
88 74 70
88 26 15
86 83 39
36 60 58
18 10 72
28 89 39
81 29 9
37 69 38
48 75 99
55 61 50
86 6 63
8 20 46
18 6 90
34 78 32
33 80 97
77 92 97
45 32 5
71 22 36
64 59 3
2 81 81
42 97 63
16 92 22
46 79 4
81 26 4
1 71 50
33 74 38
23 49 65
22 76 90
43 52 98
87 4 77
2 8 13
96 0 77
29 4 8
42 4 22
13 22 51
5 95 81
22 43 60
63 43 32
53 47 80
39 91 0
3 58 61
31 30 78
46 9 85
64 94 12
41 32 13
51 5 31
27 45 75
12 74 75
12 51 49
25 38 4
29 77 14
61 20 1
6 86 66
41 33 95
57 93 11
64 45 76
86 74 80
68 51 17
48 98 25
15 72 61
1 24 6
100 0 100
41 53 33
15 52 3
69 78 2
21 30 30
82 97 6
31 41 10
28 44 13
45 86 14
52 54 31
51 51 6
41 4 14
54 4 39
29 58 16
95 5 9
49 78 8
62 78 22
19 46 21
18 54 3
55 53 5
34 36 42
8 24 25
40 20 0
26 52 29
78 52 13
16 7 37
74 45 49
33 52 45
21 75 24
41 10 49
88 15 16
78 5 35
29 96 27
78 74 47
82 95 16
23 89 29
97 15 17
67 14 22
7 61 1
93 57 0
61 49 8
44 36 27
88 70 36
94 90 25
78 22 8
93 67 37
76 37 49
87 91 4
55 89 28
65 89 19
66 99 15
73 16 38
71 4 46
82 78 42
29 85 11
12 14 39
84 0 22
28 26 38
84 16 49
5 56 25
80 19 37
97 42 45
1 84 34
34 67 40
35 81 48
96 46 10
11 16 13
44 45 47
52 35 39
16 21 30
33 1 43
41 75 0
47 97 48
23 70 40
10 19 40
8 91 5
42 2 37
71 94 41
46 97 27
36 87 12
63 61 49
53 15 1
30 61 8
87 80 7
23 31 41
80 72 35
32 95 13
79 78 4
36 66 21
92 61 29
96 3 22
1 61 14
96 65 9
50 40 33
22 51 6
71 51 27
56 94 31
95 16 28
92 54 44
64 75 38
6 10 18
70 61 36
74 10 39
77 66 11
23 7 31
5 9 28
5 9 30
90 72 0
72 71 24
59 14 40
56 66 9
53 26 29
99 49 14
26 24 22
42 21 40
59 26 32
21 64 49
99 80 2
33 81 28
75 74 35
10 63 10
19 33 37
57 5 4
11 37 28
89 19 25
70 50 32
76 33 4
2 66 24
45 78 45
99 1 35
28 66 43
42 83 9
3 84 9
75 67 26
30 35 21
0 22 37
57 92 3
66 76 12
46 58 2
48 13 0
46 16 40
93 80 13
31 31 9
82 31 13
23 81 37
19 14 0
49 43 15
49 13 5
26 9 26
37 93 2
52 4 11
38 27 28
30 6 17
76 33 48
99 3 27
61 69 45
70 14 35
96 7 47
49 82 15
98 80 33
34 47 3
20 87 31
79 91 15
75 84 24
86 58 18
88 21 19
7 21 33
12 66 24
28 39 17
3 63 33
60 74 19
91 34 49
9 47 5
21 38 22
94 6 20
78 52 10
35 25 39
26 27 2
55 6 46
86 83 13
26 97 30
3 55 12
78 95 46
13 57 11
31 86 38
29 53 1
11 24 32
71 52 43
81 7 15
76 64 11
7 45 37
5 25 12
62 24 46
63 68 3
58 82 20
22 40 24
88 86 24
69 29 33
11 80 45
73 83 24
26 75 43
100 100 100
41 53 33
15 52 3
69 78 2
21 30 30
82 97 6
31 41 10
28 44 13
45 86 14
52 54 31
51 51 6
41 4 14
54 4 39
29 58 16
95 5 9
49 78 8
62 78 22
19 46 21
18 54 3
55 53 5
34 36 42
8 24 25
40 20 0
26 52 29
78 52 13
16 7 37
74 45 49
33 52 45
21 75 24
41 10 49
88 15 16
78 5 35
29 96 27
78 74 47
82 95 16
23 89 29
97 15 17
67 14 22
7 61 1
93 57 0
61 49 8
44 36 27
88 70 36
94 90 25
78 22 8
93 67 37
76 37 49
87 91 4
55 89 28
65 89 19
66 99 15
73 16 38
71 4 46
82 78 42
29 85 11
12 14 39
84 0 22
28 26 38
84 16 49
5 56 25
80 19 37
97 42 45
1 84 34
34 67 40
35 81 48
96 46 10
11 16 13
44 45 47
52 35 39
16 21 30
33 1 43
41 75 0
47 97 48
23 70 40
10 19 40
8 91 5
42 2 37
71 94 41
46 97 27
36 87 12
63 61 49
53 15 1
30 61 8
87 80 7
23 31 41
80 72 35
32 95 13
79 78 4
36 66 21
92 61 29
96 3 22
1 61 14
96 65 9
50 40 33
22 51 6
71 51 27
56 94 31
95 16 28
92 54 44
64 75 38
6 10 18
70 61 36
74 10 39
77 66 11
23 7 31
5 9 28
5 9 30
90 72 0
72 71 24
59 14 40
56 66 9
53 26 29
99 49 14
26 24 22
42 21 40
59 26 32
21 64 49
99 80 2
33 81 28
75 74 35
10 63 10
19 33 37
57 5 4
11 37 28
89 19 25
70 50 32
76 33 4
2 66 24
45 78 45
99 1 35
28 66 43
42 83 9
3 84 9
75 67 26
30 35 21
0 22 37
57 92 3
66 76 12
46 58 2
48 13 0
46 16 40
93 80 13
31 31 9
82 31 13
23 81 37
19 14 0
49 43 15
49 13 5
26 9 26
37 93 2
52 4 11
38 27 28
30 6 17
76 33 48
99 3 27
61 69 45
70 14 35
96 7 47
49 82 15
98 80 33
34 47 3
20 87 31
79 91 15
75 84 24
86 58 18
88 21 19
7 21 33
12 66 24
28 39 17
3 63 33
60 74 19
91 34 49
9 47 5
21 38 22
94 6 20
78 52 10
35 25 39
26 27 2
55 6 46
86 83 13
26 97 30
3 55 12
78 95 46
13 57 11
31 86 38
29 53 1
11 24 32
71 52 43
81 7 15
76 64 11
7 45 37
5 25 12
62 24 46
63 68 3
58 82 20
22 40 24
88 86 24
69 29 33
11 80 45
73 83 24
26 75 43
74 30 26
27 78 7
91 39 35
33 67 9
91 83 40
9 7 28
17 67 40
83 57 41
94 70 29
80 75 12
30 82 30
37 44 45
49 63 41
2 15 24
35 44 28
59 37 33
93 57 0
64 49 8
66 28 30
24 8 42
66 59 25
78 71 12
87 61 29
83 5 40
22 68 33
64 10 49
8 21 1
10 86 26
91 15 3
53 23 24
88 50 13
53 38 8
56 78 46
12 38 15
83 3 15
17 0 32
31 68 11
40 83 31
21 17 1
58 61 35
30 24 12
1 57 34
72 71 38
38 62 16
96 36 16
88 55 36
13 99 5
4 62 40
43 46 33
18 37 21
97 11 5
64 90 9
63 55 22
28 39 43
93 39 22
95 26 21
50 18 34
81 61 38
92 44 9
74 96 24
28 90 11
13 91 30
45 40 27
22 71 35
89 74 47
1 73 9
40 19 22
59 62 37
5 91 25
92 14 6
91 2 43
97 93 16
0 0 34
13 81 25
68 58 9
35 19 48
42 42 24
0 8 31
14 92 35
35 77 28
81 56 15
17 33 15
53 34 17
93 46 32
33 29 35
63 98 30
51 77 25
39 99 28
24 50 39
14 0 1
31 5 42
32 78 5
65 82 4
76 59 17
15 24 22
25 54 8
34 22 10
69 84 29
97 23 18
77 57 25
100 100 100
30 25 74
74 78 4
58 91 92
39 26 72
87 38 79
57 32 4
12 22 39
33 52 12
3 6 47
35 91 34
32 92 52
40 7 97
44 64 83
75 39 6
74 85 85
41 87 41
90 76 11
1 83 90
45 76 61
81 18 53
33 2 77
1 97 39
79 11 95
64 44 90
37 44 97
56 6 72
4 15 20
50 93 12
26 24 42
55 60 47
33 58 89
39 72 30
34 45 96
11 78 20
47 22 48
59 62 84
27 69 19
95 11 40
60 72 22
30 63 16
46 23 95
0 82 75
66 45 14
77 64 46
60 76 17
10 82 24
18 44 0
74 97 58
15 31 73
9 70 33
31 29 1
12 79 9
21 54 9
99 50 29
56 56 89
70 37 99
63 19 1
31 67 25
2 66 96
44 42 72
50 31 27
50 20 36
85 55 82
83 71 31
13 45 65
19 10 6
77 7 77
3 23 14
14 22 49
12 85 51
8 23 41
58 39 3
45 89 89
31 44 23
35 83 91
11 72 35
33 40 88
79 58 9
41 18 89
51 50 97
47 29 51
8 85 20
39 96 9
39 90 14
56 46 71
33 91 28
89 91 2
98 74 59
63 10 63
79 75 10
36 40 19
24 28 38
50 90 17
29 9 98
12 96 72
36 60 1
36 47 74
67 34 2
88 83 14
58 18 48
91 21 10
40 15 11
88 91 15
68 40 22
79 47 84
12 71 58
63 77 6
3 40 98
19 84 34
44 70 96
26 44 59
12 13 6
78 74 36
39 40 85
52 30 33
57 31 23
86 57 7
81 43 8
30 91 79
84 4 59
52 94 49
74 96 18
92 11 13
70 12 60
35 1 70
94 76 24
37 96 12
72 4 10
18 40 9
35 46 98
44 53 28
1 35 7
39 98 16
66 47 28
37 77 49
49 65 1
6 39 92
6 69 49
98 35 48
60 19 96
41 48 1
2 12 89
37 84 6
34 19 40
49 65 40
22 19 47
45 18 94
54 97 50
86 74 2
48 50 43
3 17 12
69 2 99
99 75 85
67 72 61
48 91 97
52 45 80
40 44 52
31 23 35
24 28 1
37 70 4
92 4 48
46 54 8
34 89 55
94 44 3
33 60 20
12 26 45
1 68 59
88 6 75
98 63 81
19 48 14
49 69 36
46 83 21
24 48 7
5 3 96
74 85 7
60 67 41
52 68 67
20 82 11
20 52 40
2 69 5
32 96 14
98 48 51
77 47 12
28 17 86
83 81 49
85 50 36
39 58 60
60 84 4
42 74 70
61 15 57
45 78 92
43 22 45
5 47 54
6 70 95
32 3 58
19 0 8
82 0 87
56 49 10
33 73 12
49 92 30
12 48 79
69 30 0
42 96 91
78 17 56
19 47 78
72 51 30
81 12 86
7 22 19
90 1 13
43 61 68
0 97 23
94 6 93
33 0 9
62 65 43
90 19 4
5 88 77
1 76 83
5 53 26
89 62 53
6 76 30
9 93 35
33 73 21
81 93 16
8 94 67
54 40 18
61 14 80
75 40 1
44 69 93
93 82 51
75 38 75
94 82 24
60 83 24
52 86 3
53 70 28
66 99 0
91 55 51
15 86 49
81 20 70
6 19 50
94 80 3
52 85 99
9 32 62
97 80 85
73 53 46
97 78 25
93 85 76
55 85 60
17 92 41
32 75 13
79 47 71
82 58 97
48 15 50
12 79 69
20 7 23
50 66 58
86 44 19
19 17 22
36 46 65
92 51 54
91 72 19
43 86 22
73 39 93
50 77 61
58 34 30
73 93 59
47 72 84
34 66 80
41 17 44
63 17 28
38 34 1
74 77 24
9 36 29
41 99 63
51 75 93
51 37 13
39 1 60
31 62 12
12 16 68
61 51 70
47 37 52
73 99 61
3 31 91
21 35 39
4 5 22
51 93 35
61 87 68
13 15 46
0 68 28
27 68 5
71 2 44
29 88 6
2 8 14
68 68 18
45 55 23
11 94 68
42 6 32
76 16 48
34 8 63
12 22 47
68 34 72
75 26 31
74 78 4
58 91 92
39 26 72
87 38 79
57 32 4
12 22 39
33 52 12
3 6 47
35 91 34
32 92 52
40 7 97
44 64 83
75 39 6
74 85 85
41 87 41
90 76 11
1 83 90
45 76 61
81 18 53
33 2 77
1 97 39
79 11 95
64 44 90
37 44 97
56 6 72
4 15 20
50 93 12
26 24 42
55 60 47
33 58 89
39 72 30
34 45 96
11 78 20
47 22 48
59 62 84
27 69 19
95 11 40
60 72 22
30 63 16
46 23 95
0 82 75
66 45 14
77 64 46
60 76 17
10 82 24
18 44 0
74 97 58
15 31 73
9 70 33
31 29 1
12 79 9
21 54 9
99 50 29
56 56 89
70 37 99
63 19 1
31 67 25
2 66 96
44 42 72
50 31 27
50 20 36
85 55 82
83 71 31
13 45 65
19 10 6
77 7 77
3 23 14
14 22 49
12 85 51
8 23 41
58 39 3
45 89 89
31 44 23
35 83 91
11 72 35
33 40 88
79 58 9
41 18 89
51 50 97
47 29 51
8 85 20
39 96 9
39 90 14
56 46 71
33 91 28
89 91 2
98 74 59
63 10 63
79 75 10
36 40 19
24 28 38
50 90 17
29 9 98
12 96 72
36 60 1
36 47 74
67 34 2
88 83 14
58 18 48
91 21 10
40 15 11
88 91 15
68 40 22
79 47 84
12 71 58
63 77 6
3 40 98
19 84 34
44 70 96
26 44 59
12 13 6
78 74 36
39 40 85
52 30 33
57 31 23
86 57 7
81 43 8
30 91 79
84 4 59
52 94 49
74 96 18
92 11 13
70 12 60
35 1 70
94 76 24
37 96 12
72 4 10
18 40 9
35 46 98
44 53 28
1 35 7
39 98 16
75 26 31
74 78 0
58 91 0
39 26 0
87 38 0
57 32 0
12 22 0
33 52 0
3 6 0
35 91 0
32 92 0
40 7 0
44 64 0
75 39 0
74 85 0
41 87 0
90 76 0
1 83 0
45 76 0
81 18 0
33 2 0
1 97 0
79 11 0
64 44 0
37 44 0
56 6 0
4 15 0
50 93 0
26 24 0
55 60 0
33 58 0
39 72 0
34 45 0
11 78 0
47 22 0
59 62 0
27 69 0
95 11 0
60 72 0
30 63 0
46 23 0
0 82 0
66 45 0
77 64 0
60 76 0
10 82 0
18 44 0
74 97 0
15 31 0
9 70 0
31 29 0
12 79 0
21 54 0
99 50 0
56 56 0
70 37 0
63 19 0
31 67 0
2 66 0
44 42 0
50 31 0
50 20 0
85 55 0
83 71 0
13 45 0
19 10 0
77 7 0
3 23 0
14 22 0
12 85 0
8 23 0
58 39 0
45 89 0
31 44 0
35 83 0
11 72 0
33 40 0
79 58 0
41 18 0
51 50 0
47 29 0
8 85 0
39 96 0
39 90 0
56 46 0
33 91 0
89 91 0
98 74 0
63 10 0
79 75 0
36 40 0
24 28 0
50 90 0
29 9 0
12 96 0
36 60 0
36 47 0
67 34 0
88 83 0
58 18 0
91 21 0
40 15 0
88 91 0
68 40 0
79 47 0
12 71 0
63 77 0
3 40 0
19 84 0
44 70 0
26 44 0
12 13 0
78 74 0
39 40 0
52 30 0
57 31 0
86 57 0
81 43 0
30 91 0
84 4 0
52 94 0
74 96 0
92 11 0
70 12 0
35 1 0
94 76 0
37 96 0
72 4 0
18 40 0
35 46 0
44 53 0
1 35 0
39 98 0
75 26 31
0 0 4
0 0 92
0 0 72
0 0 79
0 0 4
0 0 39
0 0 12
0 0 47
0 0 34
0 0 52
0 0 97
0 0 83
0 0 6
0 0 85
0 0 41
0 0 11
0 0 90
0 0 61
0 0 53
0 0 77
0 0 39
0 0 95
0 0 90
0 0 97
0 0 72
0 0 20
0 0 12
0 0 42
0 0 47
0 0 89
0 0 30
0 0 96
0 0 20
0 0 48
0 0 84
0 0 19
0 0 40
0 0 22
0 0 16
0 0 95
0 0 75
0 0 14
0 0 46
0 0 17
0 0 24
0 0 0
0 0 58
0 0 73
0 0 33
0 0 1
0 0 9
0 0 9
0 0 29
0 0 89
0 0 99
0 0 1
0 0 25
0 0 96
0 0 72
0 0 27
0 0 36
0 0 82
0 0 31
0 0 65
0 0 6
0 0 77
0 0 14
0 0 49
0 0 51
0 0 41
0 0 3
0 0 89
0 0 23
0 0 91
0 0 35
0 0 88
0 0 9
0 0 89
0 0 97
0 0 51
0 0 20
0 0 9
0 0 14
0 0 71
0 0 28
0 0 2
0 0 59
0 0 63
0 0 10
0 0 19
0 0 38
0 0 17
0 0 98
0 0 72
0 0 1
0 0 74
0 0 2
0 0 14
0 0 48
0 0 10
0 0 11
0 0 15
0 0 22
0 0 84
0 0 58
0 0 6
0 0 98
0 0 34
0 0 96
0 0 59
0 0 6
0 0 36
0 0 85
0 0 33
0 0 23
0 0 7
0 0 8
0 0 79
0 0 59
0 0 49
0 0 18
0 0 13
0 0 60
0 0 70
0 0 24
0 0 12
0 0 10
0 0 9
0 0 98
0 0 28
0 0 7
0 0 16
36 11 63
24 10 85
90 72 26
71 31 95
97 6 13
19 43 35
98 75 82
4 74 62
37 47 88
35 52 90
40 37 16
60 96 17
71 56 64
29 7 74
14 65 36
23 65 55
99 3 9
93 42 67
99 29 77
6 33 2
80 4 68
75 72 86
84 42 24
56 43 13
86 4 50
14 2 52
79 46 99
22 78 41
69 33 68
51 40 83
63 99 66
21 26 35
28 0 38
50 50 16
71 67 4
65 64 56
58 3 2
15 13 48
35 84 4
33 36 60
40 76 36
92 89 49
19 23 21
53 90 36
64 70 0
21 35 27
97 64 28
48 56 58
61 3 48
72 63 22
22 20 84
26 27 99
23 19 99
31 73 79
4 50 0
95 56 27
68 31 49
67 0 28
35 70 59
28 4 19
3 76 69
30 46 24
0 55 39
86 42 12
12 97 7
56 57 94
34 76 0
97 81 50
20 30 86
6 30 47
95 17 95
68 41 36
55 23 33
11 65 91
1 47 7
98 22 42
68 73 20
78 52 9
91 36 98
55 11 67
92 7 42
24 16 62
22 80 96
40 92 89
34 44 61
78 52 71
76 30 92
47 83 82
21 12 49
43 11 29
18 37 60
62 28 32
87 32 29
40 93 33
48 66 70
46 58 51
89 14 63
27 73 13
45 77 59
55 20 78
11 72 39
56 54 18
32 70 71
35 17 68
13 55 38
89 82 62
87 59 5
68 48 88
94 76 55
73 71 32
62 51 73
65 67 8
70 24 33
82 72 4
61 19 79
16 18 17
42 44 48
39 44 12
48 56 91
86 32 81
9 39 69
5 29 71
70 37 57
98 47 64
95 23 17
78 77 58
51 29 27
9 18 88
73 11 84
10 33 91
85 84 57
82 88 98
51 93 57
51 67 98
25 92 71
81 39 9
22 60 68
26 62 33
97 93 97
71 43 56
27 3 61
66 25 43
89 88 37
23 77 48
44 42 50
32 83 11
87 91 96
96 19 69
47 80 26
52 24 93
95 39 92
44 45 38
52 21 37
22 26 29
39 72 68
19 52 2
54 49 27
19 81 45
66 96 89
29 67 1
37 92 96
54 71 80
99 59 52
20 12 54
63 4 15
17 13 56
69 19 37
30 41 82
26 80 22
72 86 52
41 76 98
85 11 17
92 86 78
40 17 83
12 49 86
84 1 40
56 85 80
84 66 55
50 16 48
90 4 67
80 11 67
17 84 2
75 19 99
69 77 8
95 37 90
47 58 82
44 52 57
49 24 88
9 12 17
44 62 71
32 10 88
1 57 69
8 66 72
55 38 21
15 92 91
53 44 16
44 10 96
92 69 11
38 58 8
48 90 48
62 59 49
58 53 53
85 50 44
72 65 87
86 95 83
33 15 21
54 6 96
5 46 39
59 39 16
78 54 17
68 95 64
99 29 40
27 26 10
47 32 60
11 60 81
79 49 64
30 92 6
84 37 94
73 39 15
99 18 95
2 20 32
67 98 47
64 71 15
25 56 85
57 36 80
26 29 76
4 83 9
8 45 45
39 87 92
3 54 1
20 19 10
97 50 56
58 32 51
47 86 30
57 65 24
25 77 21
26 50 22
28 82 37
79 49 94
42 77 30
44 55 37
1 11 67
31 64 54
47 59 47
91 57 93
54 23 61
89 46 13
72 32 30
85 25 43
52 71 89
61 35 90
3 91 95
97 17 92
31 75 17
32 30 90
86 56 64
68 96 83
84 21 42
22 4 83
56 41 51
15 36 24
81 48 95
44 8 89
21 87 95
42 63 69
60 26 55
44 0 16
31 64 42
70 38 72
55 54 65
31 12 51
9 3 76
12 75 36
46 32 61
8 90 27
91 52 92
67 22 14
6 93 50
79 95 12
69 90 64
7 47 70
90 99 66
96 6 90
32 67 84
8 76 76
33 5 54
81 86 28
69 36 94
27 73 89
33 14 15
68 11 62
64 92 96
12 30 53
23 86 8
44 16 61
49 73 15
93 44 70
3 21 49
56 1 96
5 78 59
82 30 69
10 75 72
69 78 11
51 8 99
63 45 32
9 48 74
85 89 35
15 68 15
58 67 51
52 86 0
48 36 28
3 52 99
96 96 51
91 0 74
20 45 95
57 28 75
81 95 52
7 56 4
36 85 60
4 43 52
30 43 67
0 75 44
24 72 9
50 66 4
28 52 84
70 76 80
5 49 37
98 8 25
38 84 97
47 18 17
87 56 42
58 92 25
8 13 18
44 18 55
75 30 34
24 71 79
29 93 18
74 29 26
78 21 52
33 90 46
24 96 27
99 34 80
98 69 49
9 3 74
67 5 57
23 7 64
68 23 62
61 1 75
56 36 73
64 9 67
73 17 63
13 29 90
58 27 92
34 81 30
34 69 22
34 26 43
79 90 66
19 8 3
94 85 36
12 37 57
98 11 29
79 82 43
50 66 72
51 34 81
6 70 52
14 67 12
19 48 27
63 38 70
48 30 28
6 34 94
41 70 54
21 86 31
42 97 61
3 86 0
44 46 82
28 67 38
76 45 13
40 81 40
7 88 36
9 34 16
72 35 51
36 19 39
34 14 16
81 2 97
65 99 21
22 72 15
25 87 20
44 8 38
37 0 18
53 29 33
83 49 20
58 63 16
63 10 30
87 72 87
36 59 89
88 4 50
62 85 99
91 89 1
9 19 41
70 48 30
90 25 74
76 52 58
78 16 6
63 96 37
46 95 33
72 77 94
39 95 75
60 56 81
24 77 23
70 18 18
58 80 49
45 15 47
89 29 65
8 63 40
20 58 38
20 26 32
81 85 58
16 55 55
9 2 79
24 56 0
66 7 57
40 25 21
38 77 92
6 41 5
38 48 17
0 85 20
57 55 89
85 79 77
78 15 54
7 33 7
18 13 2
67 24 86
9 96 87
25 74 50
41 66 62
90 36 85
30 17 97
71 20 27
34 60 84
1 10 58
77 75 73
71 45 57
89 66 62
56 9 7
95 24 59
51 29 21
6 3 27
70 25 24
72 32 90
9 2 88
79 54 35
25 90 25
22 42 63
37 5 45
92 48 28
78 57 32
64 82 82
12 13 24
75 38 24
