1
100 1013 36 48
0 98 351
0 97 502
0 61 546
0 50 402
0 64 565
0 48 443
0 56 112
0 72 292
0 52 924
0 86 798
0 71 441
0 66 400
0 4 190
0 29 877
0 76 883
0 8 621
0 12 116
0 2 446
1 95 335
1 91 635
1 33 354
1 57 88
1 82 359
1 52 744
1 60 764
1 60 447
1 41 195
1 81 97
1 67 936
1 41 320
1 76 603
1 6 34
1 1 386
2 66 757
2 43 423
2 35 566
2 79 804
2 62 801
2 92 286
2 40 459
2 16 889
2 73 360
2 25 312
2 34 173
3 85 327
3 55 567
4 76 891
4 29 311
4 69 735
4 31 339
4 61 280
4 36 292
4 52 500
4 24 915
4 15 451
4 38 545
4 79 978
4 34 616
4 37 80
4 11 66
5 73 792
5 84 331
5 22 691
5 47 400
5 31 513
5 9 972
5 45 657
5 84 567
5 51 128
5 92 626
5 32 762
5 90 551
5 84 578
5 42 888
5 3 326
5 72 702
5 7 95
5 96 43
5 68 735
6 91 707
6 15 511
6 19 320
6 13 194
6 20 554
6 69 769
6 94 365
6 22 205
6 90 643
6 60 79
6 18 549
6 51 909
6 14 916
6 39 361
6 61 215
6 72 186
6 85 557
7 28 936
7 76 292
7 7 118
7 67 947
7 34 39
7 24 466
7 49 993
7 86 464
7 79 83
7 59 976
7 2 888
7 32 85
7 86 384
7 95 528
7 17 816
7 23 440
7 6 449
7 77 552
7 54 519
8 2 547
8 3 159
8 62 266
8 32 663
8 95 492
8 97 730
8 32 345
8 92 196
8 49 385
8 31 40
8 22 694
9 90 449
9 43 253
10 88 357
10 32 935
10 44 698
10 44 276
10 99 616
10 56 771
10 57 270
10 23 516
10 73 833
11 39 314
11 94 661
11 19 947
11 51 492
11 10 370
12 62 949
12 0 291
12 14 759
12 64 171
12 63 647
12 71 537
12 87 166
12 42 630
12 6 142
12 64 734
12 88 167
12 58 14
12 83 256
12 91 531
13 35 682
13 52 922
14 88 363
14 79 708
14 73 816
14 76 288
14 42 271
14 35 376
14 40 403
14 66 464
14 60 443
14 72 841
14 66 19
14 31 511
14 19 454
14 89 106
14 98 83
14 7 306
14 89 470
15 75 334
15 62 574
16 44 137
16 61 664
16 21 885
16 66 225
16 45 893
16 86 277
16 88 728
16 49 240
16 5 833
17 26 986
17 41 560
17 17 539
17 92 373
17 55 370
18 91 596
18 41 304
18 92 32
18 75 69
18 42 987
18 3 798
18 70 481
18 12 612
19 88 175
19 26 616
19 39 289
19 86 384
19 60 59
19 72 37
19 18 511
19 89 240
19 9 529
19 81 830
19 69 39
20 75 500
20 50 949
20 55 662
20 6 464
20 46 287
20 8 121
20 6 891
20 32 519
20 34 179
20 80 98
20 97 834
20 77 693
20 32 206
20 36 946
20 71 523
20 59 4
20 81 565
20 2 682
21 42 198
21 92 23
21 4 817
21 46 480
22 81 227
22 71 451
22 38 702
22 33 175
22 49 466
23 76 391
23 98 223
23 43 653
23 4 678
24 8 414
24 77 3
24 96 701
24 4 309
24 22 530
24 42 5
24 22 152
24 81 14
25 60 506
25 22 144
25 43 333
25 80 564
25 53 348
25 91 701
25 61 740
25 3 659
25 30 979
25 85 532
25 46 110
25 94 213
25 13 565
25 41 633
25 5 532
25 75 552
26 75 128
26 12 975
26 51 650
26 4 913
26 25 739
26 77 715
27 20 402
27 66 62
27 6 787
27 33 96
27 11 242
27 57 594
27 45 877
27 80 665
27 86 975
27 51 618
28 98 326
28 61 449
28 15 673
28 24 907
28 7 402
28 65 958
28 2 615
28 27 972
28 99 199
29 36 507
29 91 270
29 66 306
29 47 26
29 15 754
29 72 720
29 44 855
29 66 848
29 5 810
29 81 839
29 42 125
29 13 526
29 79 339
29 5 908
29 29 467
29 38 587
29 2 990
29 73 513
29 41 406
29 98 640
30 42 195
30 86 370
31 45 162
31 2 522
31 19 560
31 84 771
31 49 612
31 55 548
31 64 191
31 24 499
31 47 635
31 56 387
31 61 379
31 64 386
31 17 441
31 3 750
31 91 47
32 62 400
32 22 587
32 68 364
32 69 853
32 25 272
32 96 710
32 89 289
32 15 517
32 73 571
32 30 587
32 87 924
32 44 157
32 81 394
32 6 268
32 88 464
32 27 428
32 16 77
33 69 388
34 47 713
34 12 877
34 63 485
34 46 945
34 98 265
34 9 752
34 29 383
34 59 203
34 74 823
34 31 617
34 95 507
34 90 510
34 96 327
35 45 846
36 94 844
36 60 731
36 98 663
36 61 325
36 68 728
36 19 519
37 53 273
37 41 731
37 31 379
37 44 26
37 72 341
38 9 287
38 3 520
39 91 113
39 89 656
39 15 981
39 93 418
39 59 758
39 55 54
39 16 660
39 88 706
39 97 802
39 64 491
39 55 330
39 85 300
39 26 574
39 48 365
39 97 266
39 90 752
39 23 769
39 51 672
39 7 462
39 90 987
40 69 779
40 54 591
40 77 476
40 88 252
40 4 536
40 94 9
40 28 238
40 47 812
40 39 780
40 47 502
40 8 960
40 79 377
40 37 806
40 17 959
40 90 819
40 74 173
40 13 753
40 27 608
40 10 443
40 68 94
41 88 778
41 90 123
41 86 398
41 1 294
41 57 376
41 6 438
41 49 596
41 21 525
41 78 932
41 27 265
41 15 447
41 43 194
41 59 603
41 39 478
41 39 574
41 45 736
42 62 929
42 85 331
42 54 604
42 39 275
42 25 639
42 92 443
42 31 735
42 62 708
42 50 594
42 93 989
42 7 97
42 20 230
42 40 341
43 41 522
43 88 457
43 1 83
43 9 225
43 50 894
43 8 397
43 82 805
43 75 990
43 41 567
43 86 49
43 29 289
43 19 920
43 82 129
44 62 276
44 49 562
44 39 343
44 19 778
44 90 675
44 22 923
44 45 684
44 94 642
44 17 826
44 83 306
44 14 49
44 67 817
44 73 136
44 51 926
44 38 178
44 21 802
44 96 370
44 66 308
44 99 538
45 21 426
45 15 247
46 92 644
46 76 123
46 3 407
46 86 962
46 19 76
46 32 868
46 85 852
46 54 230
47 13 801
47 47 173
47 12 901
47 69 561
47 44 329
47 70 57
47 89 552
47 18 636
47 64 308
47 14 851
47 24 723
48 22 707
48 0 658
48 66 716
48 41 803
48 18 554
48 59 872
49 15 156
49 6 992
49 10 84
49 44 450
49 91 724
49 40 802
49 36 386
49 71 373
49 41 14
50 91 727
50 81 915
50 3 899
51 68 619
51 22 616
51 46 931
51 72 253
52 39 920
52 16 277
52 50 226
52 75 218
52 15 910
53 11 387
53 41 686
53 27 921
53 30 814
53 87 729
53 56 655
53 37 159
53 43 177
53 75 386
53 16 622
53 49 886
53 97 634
53 11 291
53 71 660
53 97 997
53 71 646
53 95 245
53 59 722
54 68 501
54 50 455
54 16 26
54 38 251
55 69 109
55 76 969
55 90 335
55 41 437
55 21 989
55 20 850
56 36 407
56 6 312
56 86 475
56 50 800
56 95 480
56 97 576
56 65 66
56 96 442
56 92 505
56 8 997
56 43 133
56 4 186
56 67 783
56 89 709
56 91 626
56 42 359
56 67 586
56 26 498
56 32 124
56 67 724
57 50 113
57 39 393
57 83 780
57 2 776
57 74 295
57 60 432
57 61 656
57 93 284
57 69 473
57 12 477
58 75 182
58 93 214
58 91 334
58 19 590
58 49 947
58 46 183
58 72 563
58 42 10
58 72 220
58 47 642
58 22 783
58 62 643
58 30 547
58 73 403
58 12 912
58 12 583
58 78 304
58 83 9
58 38 237
59 78 30
59 21 8
59 15 207
59 6 547
59 36 825
59 96 417
59 38 419
59 25 353
59 38 278
60 28 398
60 53 522
60 27 433
61 37 18
61 93 272
61 77 203
61 37 133
61 75 763
61 17 931
61 22 51
61 43 709
62 9 252
62 15 965
62 57 390
63 79 911
63 28 225
63 13 378
63 84 998
63 5 162
63 30 927
63 23 69
63 4 175
63 82 979
63 79 288
63 10 140
63 1 926
63 71 228
63 85 756
63 7 561
64 31 31
65 28 382
65 45 686
65 99 594
65 98 294
66 87 370
67 38 558
67 64 423
67 19 719
67 16 494
67 56 358
67 99 788
67 61 321
67 10 430
67 90 253
67 37 969
67 21 88
68 39 42
69 83 331
69 76 67
69 15 226
69 93 128
69 17 504
69 51 190
69 19 354
69 8 404
69 19 914
70 54 224
70 32 731
70 50 742
70 26 370
70 91 875
70 7 305
70 3 196
70 46 633
70 78 682
70 46 654
70 72 536
70 70 580
70 15 865
70 7 689
70 33 780
70 99 132
70 58 642
71 49 964
71 76 750
71 28 283
71 38 614
71 83 250
71 70 79
71 20 787
71 48 764
71 22 162
71 72 855
71 13 360
71 89 599
71 7 266
71 12 258
71 49 274
71 39 755
71 28 420
72 7 750
73 39 337
74 95 670
74 45 661
74 24 436
74 32 334
74 12 497
74 58 961
74 79 297
74 21 982
74 94 123
74 18 482
75 27 215
75 79 652
75 89 45
75 12 82
75 64 185
75 90 20
75 78 476
75 64 719
75 3 125
75 18 4
75 17 920
75 7 631
75 89 826
75 66 368
75 7 732
75 6 63
75 60 198
76 84 594
76 84 179
76 71 201
76 99 901
76 38 568
76 67 681
76 88 322
76 97 179
77 97 656
77 48 539
77 59 830
77 40 181
77 64 131
77 42 167
77 75 456
77 44 796
77 10 798
77 78 302
77 28 299
77 11 926
77 67 516
77 20 184
77 42 596
77 53 925
78 48 968
78 7 654
78 82 806
78 55 964
78 52 711
78 65 719
78 23 4
78 86 695
78 38 858
78 96 565
78 66 155
78 11 418
78 90 984
78 86 947
78 8 677
78 64 559
78 19 237
78 30 563
78 14 800
78 51 942
79 84 214
79 69 928
79 57 724
79 98 801
79 52 445
79 84 347
79 68 265
79 82 38
79 86 581
79 83 154
79 23 888
79 59 434
79 53 648
79 76 563
79 32 566
79 11 967
79 65 639
79 28 765
80 95 836
80 28 762
80 27 301
80 53 351
80 14 898
80 73 703
80 83 999
80 14 933
80 87 813
80 92 501
80 93 637
80 5 165
80 55 50
80 49 571
80 57 786
80 16 729
81 86 999
81 41 633
81 10 338
81 60 644
81 18 803
81 76 926
81 53 85
81 37 162
81 39 42
82 32 130
82 88 488
82 83 357
82 0 187
82 45 41
82 80 746
82 45 839
82 98 90
82 32 775
82 64 887
82 32 2
83 85 625
83 36 626
83 33 849
83 65 821
84 82 883
84 16 599
85 73 654
85 61 779
85 84 90
85 63 701
85 31 183
85 5 602
86 90 863
86 12 113
87 89 155
87 1 63
87 54 477
87 45 220
88 68 785
88 75 176
88 10 700
88 34 790
88 77 387
88 33 381
88 22 842
88 76 821
88 28 973
88 83 781
88 27 641
88 35 249
88 78 129
88 27 195
89 24 112
89 94 720
89 97 342
89 32 664
89 70 806
89 85 55
89 25 85
90 28 203
90 1 707
90 28 653
90 82 483
90 29 924
90 84 443
90 46 74
90 3 958
90 40 151
90 1 693
91 29 776
91 46 531
91 62 800
91 31 122
91 76 711
91 67 191
91 51 663
91 57 676
91 31 615
91 11 111
91 99 318
91 2 484
91 94 27
91 97 151
91 51 758
92 34 55
92 75 506
92 92 739
92 51 792
92 17 505
92 10 985
92 96 708
92 70 163
92 29 40
92 77 861
92 92 782
92 81 703
92 73 926
92 34 536
92 91 850
92 77 382
92 75 136
93 60 979
93 92 624
93 51 425
93 93 951
93 52 440
94 22 61
94 42 482
94 34 89
94 33 557
94 27 177
94 63 128
94 2 943
94 5 725
94 74 873
94 42 990
94 35 588
94 73 580
94 88 919
94 52 990
94 12 713
94 31 613
94 95 941
94 9 910
94 21 204
94 25 255
95 60 533
95 35 434
95 96 446
95 94 977
95 56 378
95 29 839
95 89 659
95 23 666
95 75 356
95 8 150
95 20 649
95 78 812
95 45 926
95 17 478
95 5 55
95 65 929
95 79 376
95 28 508
95 23 46
96 37 64
96 92 881
96 39 187
96 28 165
96 5 383
96 29 96
96 53 246
96 55 397
96 44 127
96 54 287
96 5 872
96 37 831
97 42 603
97 99 301
97 18 162
97 1 388
97 40 634
97 30 420
97 1 891
97 8 398
97 10 947
97 47 74
97 44 643
97 17 142
97 64 18
97 68 38
97 69 192
97 4 398
97 79 189
97 55 54
98 12 777
98 15 183
98 96 654
98 3 31
98 85 885
98 23 800
98 13 220
98 15 168
98 82 156
98 38 427
98 78 579
98 42 306
98 51 615
98 8 225
99 29 798
99 87 422
99 85 962
99 7 95
99 45 224
99 45 452
99 90 140
99 20 543
99 20 877
99 43 789
99 73 338
99 70 505
99 72 389
99 9 144
99 76 325
99 66 573
99 15 286
99 53 998
99 71 316
99 90 151
156 443 720 633 812 915 110 215 325 370 836 159 12 578 436 327 391 21 175 537 19 724 597 404 417 799 121 379 359 662 736 809 891 551 828 757 406 545 93 587 606 689 383 595 852 515 881 382 864 803 741 686 121 164 68 13 554 369 540 257 97 786 908 822 313 233 766 501 962 886 518 204 496 904 459 333 818 461 772 148 59 691 797 723 318 167 290 888 726 495 371 33 108 259 296 943 988 137 15 849 
100 1577 36 93
