queue : 1 2 3 7 
dist : 0 900 411 474 
queue : 2 3 7 8 9 
dist : 900 411 474 1374 1563 
queue : 3 7 8 9 2 
dist : 411 474 1374 1563 412 
queue : 7 8 9 2 
dist : 474 1374 481 412 
queue : 8 9 2 4 5 6 
dist : 1374 481 412 1683 2248 1756 
queue : 9 2 4 5 6 
dist : 481 412 1683 2248 1756 
queue : 2 4 5 6 
dist : 412 1683 2248 1756 
queue : 4 5 6 
dist : 1683 2248 1756 
queue : 5 6 
dist : 2248 1756 
queue : 6 
dist : 1756 
queue : 
dist : 
0 412 411 1683 2248 1756 474 886 481 

queue : 1 2 3 7 
all marks : 0 900 411 2141483647 2141483647 2141483647 474 2141483647 2141483647 
queue : 2 3 7 8 9 
all marks : 0 900 411 2141483647 2141483647 2141483647 474 1374 1563 
queue : 3 7 8 9 2 
all marks : 0 412 411 2141483647 2141483647 2141483647 474 1374 1563 
queue : 7 8 9 2 9 
all marks : 0 412 411 2141483647 2141483647 2141483647 474 1374 481 
queue : 8 9 2 9 4 5 6 
all marks : 0 412 411 1683 2248 1756 474 1374 481 
queue : 9 2 9 4 5 6 
all marks : 0 412 411 1683 2248 1756 474 1374 481 
queue : 2 9 4 5 6 8 
all marks : 0 412 411 1683 2248 1756 474 886 481 
queue : 9 4 5 6 8 
all marks : 0 412 411 1683 2248 1756 474 886 481 
queue : 4 5 6 8 
all marks : 0 412 411 1683 2248 1756 474 886 481 
queue : 5 6 8 
all marks : 0 412 411 1683 2248 1756 474 886 481 
queue : 6 8 
all marks : 0 412 411 1683 2248 1756 474 886 481 
queue : 8 4 5 6 
all marks : 0 412 411 1195 1760 1268 474 886 481 
queue : 4 5 6 
all marks : 0 412 411 1195 1760 1268 474 886 481 
queue : 5 6 
all marks : 0 412 411 1195 1760 1268 474 886 481 
queue : 6 
all marks : 0 412 411 1195 1760 1268 474 886 481 
queue : 
all marks : 0 412 411 1195 1760 1268 474 886 481 
0 412 411 1195 1760 1268 474 886 481 
