100
5 52 75
9 59 59
10 15 82
3 65 54
2 71 41
9 3 6
10 93 1
10 81 47
4 92 75
10 50 77
1 68 22
5 60 50
3 51 25
10 63 19
2 50 43
10 77 92
5 75 29
6 15 55
5 93 54
10 35 49
10 38 96
8 25 96
10 0 0
4 44 52
2 64 9
10 35 89
5 29 99
5 56 47
7 70 71
10 88 52
1 50 18
10 52 7
10 72 64
4 20 40
2 50 48
3 76 62
4 32 26
3 42 56
10 98 3
1 55 20
2 69 93
1 79 0
6 97 24
3 84 48
2 25 48
1 50 52
6 56 33
8 6 84
1 94 78
8 50 0
10 10 6
1 27 100
5 51 15
2 50 84
3 40 1
9 90 2
3 75 32
9 69 2
10 90 23
4 14 92
10 39 30
8 29 91
5 75 82
1 6 24
6 70 49
2 60 47
4 28 54
10 90 12
8 17 46
9 5 23
7 89 75
7 100 100
2 42 6
3 75 86
6 67 16
9 100 0
1 50 3
2 58 86
6 85 1
7 40 68
2 20 82
10 9 24
10 58 94
4 0 100
3 46 46
9 70 33
9 83 25
10 74 35
3 98 66
3 50 100
10 52 63
10 36 63
6 75 19
9 15 91
3 34 21
10 3 100
4 96 75
5 80 40
9 64 59
10 17 33
