100
10 85 79
9 68 11
3 78 89
2 50 70
2 25 84
6 75 39
10 84 54
8 98 26
8 70 32
10 24 17
1 22 0
8 68 63
8 66 93
2 80 97
3 50 0
2 50 27
1 18 37
7 22 21
1 60 3
6 24 56
1 50 56
10 2 87
8 90 66
2 75 59
3 31 49
4 60 69
6 24 2
10 72 50
5 94 93
8 80 94
7 37 54
5 50 100
1 2 20
9 63 66
1 56 98
1 18 82
4 24 91
6 75 57
10 9 81
10 87 48
10 32 22
9 0 100
5 69 76
8 81 93
5 98 16
9 43 7
4 20 49
3 73 75
2 30 4
10 54 54
7 70 16
1 79 89
9 30 90
2 50 82
3 75 52
6 40 1
10 90 69
1 76 14
10 73 52
10 95 40
6 22 58
6 56 98
10 100 0
1 50 70
1 8 20
3 84 46
4 5 39
4 63 3
10 46 100
8 18 55
10 48 2
3 93 22
8 80 11
9 37 81
10 90 89
2 50 72
10 74 49
5 33 14
6 75 42
6 100 100
10 70 9
1 0 0
1 50 78
5 13 62
9 30 67
1 43 38
10 56 76
10 18 1
10 55 23
5 71 4
8 40 68
6 95 73
7 90 94
1 93 56
8 34 56
1 13 100
8 60 21
10 58 8
6 32 25
4 4 48
