100
3 0 0
8 37 6
1 50 77
2 71 50
10 90 12
6 10 98
6 95 39
2 50 0
1 53 73
1 63 99
1 66 55
10 7 26
3 40 81
8 69 70
3 60 37
10 18 14
4 25 65
2 50 98
2 50 100
9 37 23
5 53 70
3 74 6
1 100 100
10 68 2
9 59 36
2 75 43
3 20 97
4 46 8
2 86 31
10 43 88
9 53 90
10 45 86
5 14 77
7 39 39
8 18 19
10 58 30
6 30 8
8 20 30
2 50 59
10 88 72
6 25 74
1 48 60
5 35 54
8 42 17
9 26 91
4 50 65
4 25 99
8 74 27
6 60 34
10 8 48
10 78 8
10 73 46
3 100 0
5 64 16
10 91 65
4 0 100
2 69 54
1 50 1
10 53 96
5 17 58
10 67 0
1 40 51
1 99 37
10 85 91
10 90 21
10 91 21
8 60 56
7 90 44
5 15 17
10 85 84
10 70 39
4 32 98
6 75 36
10 67 60
1 50 74
9 40 54
2 50 90
10 95 95
10 5 66
8 17 42
5 23 30
10 70 14
5 36 72
5 97 99
9 55 34
10 13 9
10 90 2
3 71 75
4 40 37
5 20 59
6 10 87
9 59 21
6 85 78
1 45 0
1 44 100
3 25 31
2 47 1
2 75 9
1 89 25
4 55 2
