100
9 50 100
10 47 7
7 39 14
1 50 92
10 100 0
5 75 72
2 25 25
6 90 55
8 17 13
10 21 56
10 55 63
9 33 37
10 0 100
1 48 71
5 25 78
10 10 45
10 10 47
10 6 73
1 85 13
3 100 100
4 16 50
9 89 61
8 89 34
1 57 25
8 94 2
7 26 10
2 50 11
5 40 27
10 10 10
6 75 78
7 6 53
3 40 33
2 49 28
10 37 86
10 52 57
6 20 23
2 50 34
4 21 60
10 21 55
1 94 0
4 93 22
8 74 47
9 72 32
10 65 66
4 60 76
7 90 71
9 16 97
3 93 33
6 61 68
10 15 34
5 32 10
3 20 59
3 9 52
10 62 70
10 24 54
10 77 15
3 86 1
8 80 27
7 50 0
10 92 87
3 60 3
6 10 82
1 32 66
2 50 18
10 0 0
10 15 38
1 32 5
5 27 9
10 61 99
10 82 72
7 8 54
6 92 73
2 76 43
1 50 59
6 83 71
10 43 63
3 40 93
5 62 61
1 50 44
10 85 90
9 62 71
10 19 77
2 49 84
9 60 40
4 58 93
1 62 100
2 75 62
6 31 9
1 59 36
10 38 10
2 66 78
3 42 19
8 86 40
10 62 100
3 20 35
4 32 65
5 94 93
3 25 60
6 29 83
6 32 45
