40
3 2 100
3 5 7
4 8 16
1 20 5 2
6 2 10000
9929 9967 9931 9973 9949 9941
10 61 119
2160 40 4320 6480 15 7200 60 5 5040 2
10 2 10000
5 10 15 11 7 6 3 1 2310 2
5 5002 9577
5342 8389 2155 2111 4489
7 5 10000
9726 9678 9762 9978 9942 9822 9714
13 1 10000
2207 2294 2671 4366 9056 7994 5031 6122 5040 1097 2797 4377 8225
5 2183 9894
9735 2250 8573 8376 2665
100 2 10000
2318 1830 4209 3294 488 1342 3050 793 4270 3660 6100 2562 2440 4941 1586 5856 1647 5795 2013 4880 366 2745 5917 5185 6039 1769 549 427 4087 3538 2623 5246 2928 3782 2501 2684 5063 3965 3477 3416 183 1098 5551 5612 1037 5429 1220 4697 1159 3904 2989 5490 305 3599 3111 2867 1464 1952 5307 1708 1281 5734 5978 4514 4026 4148 3355 5124 2196 2074 2806 4575 3233 1403 5368 1525 6161 5673 4758 4392 3172 854 976 2135 1891 4331 3721 2379 732 610 244 4636 5002 122 4453 3843 2257 4819 671 915
5 2633 9057
3163 6622 1351 1980 5924
5 7941 8333
7363 184 1429 8278 4552
3 2 50
3 5 75
5 3358 6178
4463 5250 2242 3303 3642
5 2904 5636
679 4767 8752 4810 5006
5 434 4126
8206 519 3977 8166 9444
100 1 10000
5152 6070 5633 2960 8136 1941 6138 8265 1926 7211 8211 7387 3028 9006 8956 2994 293 6588 7673 693 3311 4043 6238 8863 2103 2232 9648 9864 2165 8523 7829 2719 8622 1234 7120 3861 9927 9959 3582 6316 6785 4671 8615 9858 4759 4143 5078 3451 3335 5258 6949 5121 802 658 7646 6207 3986 6544 3811 4730 6751 6391 5712 170 6995 8468 2145 9444 2571 1657 1065 1525 2490 2867 709 8134 7389 8905 9643 8728 6660 1638 8781 254 9596 3477 918 4314 959 3352 4741 2809 326 9783 6539 6763 362 6861 4357 6642
5 4044 4874
5539 9313 2307 4184 7545
50 2 10000
18 80 252 60 144 2 315 42 120 4 1008 21 56 28 40 5 36 72 720 20 210 560 35 504 12 840 5040 126 30 24 1260 15 360 48 3 630 70 45 2520 240 180 7 336 420 168 63 280 1 1680 6
5 4575 6455
472 6222 6357 5278 7976
51 686 1370
4110 4110 4110 137 4110 137 4110 137 4110 137 4110 137 137 137 137 137 137 4110 137 4110 4110 4110 137 137 137 4110 137 137 4110 4110 137 137 4110 4110 4110 4110 137 137 4110 4110 137 4110 137 4110 4110 4110 137 137 4110 137 4110
2 5001 10000
2500 5000
100 19 54
2430 5184 8586 8154 9612 3294 9288 5778 6696 3996 9774 5562 9072 7992 4914 3564 5130 2700 2376 6426 9342 2754 7938 6264 8100 9882 6858 8478 3834 1134 3240 4644 7182 4374 8262 4698 756 8694 6804 4590 7020 8856 4212 3402 1242 7722 9936 6156 5616 2052 594 6480 7884 8532 5832 1350 6048 8208 3942 3186 1890 4266 7668 2322 8640 6210 5994 5346 4536 6642 4752 5508 1620 4482 4158 8424 2646 5400 1566 4860 5670 1782 4050 2160 7398 4104 8370 9504 648 1458 2970 6750 5724 3780 1188 918 9828 1296 7776 5076
10 61 119
30 2 7200 2520 1440 5 5760 4680 3 20
5 4610 9122
7704 4431 8504 4897 5054
5 1556 4969
4312 7414 8729 1705 2106
5 2331 3041
8415 9051 5089 7396 8555
5 2315 7217
8353 8657 6900 8908 5470
10 8251 9901
66 165 75 330 55 825 550 150 110 275
5 4480 9674
2469 6279 8102 4588 3638
5 9793 9911
3019 6359 5604 4974 9278
10 2 10000
7 6 2 3 30 10 1 5 11 15
4 2 10000
17 4 3 49
5 2268 2482
5704 988 4705 7809 2803
51 4256 8509
4255 4255 8510 8510 4255 4255 4255 8510 8510 8510 8510 8510 4255 4255 4255 8510 4255 4255 4255 4255 4255 4255 4255 4255 8510 8510 8510 4255 8510 4255 8510 4255 8510 8510 8510 8510 8510 8510 8510 8510 8510 4255 8510 8510 4255 4255 4255 8510 4255 4255 8510
9 2 10000
8633 8633 1 1 1 1 8633 1 8633
5 465 925
252 7381 6528 1774 3022
5 4766 9938
6018 8365 394 3164 2445
5 291 1862
642 7025 9370 8456 5508
5 4148 7173
1614 1654 4744 2840 7004
