100
5
1 2 3 4 5
3
3 5 6
2
5 6
2
5 5
15
786788 906133 283341 16898 338116 325122 674125 280315 119783 104125 552587 285413 362368 886437 942943
15
823114 785394 403458 117600 539073 80089 705152 323097 853764 317661 615364 373667 330610 426291 528830
12
99624 922209 145453 907349 270681 628113 330831 904629 38972 593763 269295 560819
7
337283 319307 495022 255821 753045 16749 269569
7
106294 23458 733399 256002 992038 410017 41287
10
326620 728912 40058 6354 623704 70415 436144 119205 300940 268010
2
506120 580658
12
358178 262087 950214 409361 570633 864332 14716 56476 939491 369512 40052 909269
7
57074 230908 395809 857305 60827 255323 740662
11
146425 808731 568376 602242 145470 169894 573330 932016 875695 679323 2046
5
7968 2519 9363 3613 3635
14
1607 5600 298 282 8004 5517 6232 3346 681 1970 2695 7561 9141 5550
3
4591 5065 8959
7
9722 6177 6522 9798 7707 4142 4527
4
8849 1204 4676 13409
10
1860 8262 2604 2272 6082 2982 967 8349 4720 2176
3
7419 1959 4860
13
8460 7514 7321 6037 3780 9898 4483 4896 8298 2331 9176 3604 6442
15
4068 2782 5537 4548 3391 8365 204 2444 3576 8601 36 4869 3115 4066 6404
10
9644 5168 972 2977 7759 1690 1032 2613 8715 3346
7
3033 8718 6953 3224 5896 2726 4879
12
4484 7109 4307 3322 8471 3494 5118 304 724 6214 5258 7699
9
4354 8127 1382 2144 6993 6159 8316 6002 14315
3
8764 9675 2039
11
4672 8757 1812 6865 5085 3070 5648 7950 9281 7842 1646
8
3444 9812 5345 6409 7797 1841 4426 3045
2
968 215
15
9867 2893 6777 2971 9366 9503 336 8470 2206 9595 5318 4235 502 3976 7331
6
4614 3121 5786 8531 8451 4600
3
7433 7462 47
3
7302 2298 5244
13
3325 7539 5622 2907 7540 341 198 7870 5393 1211 1177 8533 7774
3
1412 9706 8302
10
8290 8736 3034 3712 1805 7488 6012 6097 9004 16084
12
3353 7405 6152 1354 1675 3125 517 3730 1885 6468 2729 7727
3
6347 4022 5097
12
3371 5117 3204 15 8229 2512 6617 6766 7965 7261 5647 11600
7
3008 7660 247 8640 7516 1685 11474
12
5878 8921 2265 8934 2944 4031 9428 2225 4072 8218 3299 7385
8
3652 6641 7001 8090 2159 6162 1551 1043
11
3800 8851 6725 8375 996 9895 5767 4779 4026 3837 13969
8
5868 5218 8690 3104 1608 1808 1943 6150
15
2452 6824 1972 6803 7348 195 7581 4989 3939 981 6142 620 2233 2125 1372
13
8286 2940 6194 3178 5270 2244 2930 2475 7178 1302 9558 4102 3517
15
3804 3133 8366 7017 3239 2696 5610 3059 280 4801 2951 2384 7374 795 12235
4
609 2782 1082 3618
12
7621 6848 2575 548 8644 857 5667 6736 1685 2304 3325 2556
3
5407 6589 3234
6
6743 3420 3650 3394 310 5437
13
3837 8653 3223 9793 8114 4408 77 5026 2811 5543 4495 7246 2412
7
1602 6100 6806 6034 4638 6440 6052
3
4867 3950 7277
2
7236 8796
10
3985 2814 8449 9263 9044 7703 6733 9907 7474 7374
11
1881 4001 9209 7291 3830 7294 7040 5677 2392 6042 13981
5
1107 6831 2372 6569 3601
3
7222 3306 4316
15
5141 6407 758 8278 1169 9862 7636 1617 6247 1242 7191 1375 7137 969 3069
7
7402 8254 5878 3995 8350 7071 7864
3
4213 1070 5211
11
3745 7464 6609 9512 402 6750 4470 9792 5330 9581 12853
13
9803 1909 3985 9050 3650 7268 5664 4266 6551 648 797 5014 4813
2
9935 3315
4
8450 1258 3568 4966
3
7082 9095 14381
3
9465 4088 11009
8
590 6257 938 5353 2930 5395 6343 3034
12
3383 8157 3672 7387 2637 4773 602 8895 792 4428 3723 9403
12
7855 1659 1862 4494 3815 5662 6565 3737 2852 1017 6416 4116
4
2502 2486 8171 8091
14
6120 4523 531 3207 7177 9894 6903 1909 3489 9291 8961 3303 5542 15440
6
5223 3312 9280 802 3196 13193
9
1636 2214 1394 1640 1246 3055 9639 5873 12735
11
2607 8563 257 9395 35 2454 6141 2678 3584 8597 13637
15
5651 6225 5706 3011 8608 2015 2083 9921 8721 6824 5521 5447 7851 2152 13818
8
2759 2420 2355 7363 6611 6973 4691 1790
9
6797 20 5325 1248 8095 2963 1062 1778 7276
15
960 941 2322 3859 537 8723 4034 3486 2645 8 8961 2155 2936 769 2306
13
4975 4579 8894 3740 288 3298 6747 6879 7140 362 1422 6869 6243
14
3856 7905 5036 915 9844 8206 5366 1718 4220 5431 1862 9592 9430 793
2
1797 4819
14
76 4854 5944 4145 5661 5736 656 3055 6755 8617 8619 6026 460 4254
12
6462 3030 9168 128 6512 7779 3244 6814 5709 626 6336 11366
6
1214 543 8743 7023 9714 9856
13
1600 2339 5383 3410 4017 450 5685 7269 8147 8747 2818 7356 14675
10
8671 2404 6117 6529 8471 1740 4374 9950 1817 12757
9
2961 9424 5023 5669 8156 9710 9865 3808 14496
8
6672 348 4328 3808 6534 1472 6573 175
11
1281 924 4525 2588 9083 1374 8206 9722 672 9680 6541
5
1851 8162 8886 4291 10924
8
4421 7470 8308 2902 1999 9564 4282 5472
7
8234 6527 699 7520 9851 3447 2866
6
728 2870 3414 3178 3774 1644
9
7192 5770 7472 8645 8830 6981 6510 5377 134
3
826 5965 5239
12
3247 7817 9682 6387 7238 8465 4207 8083 761 8537 5316 10952
