10
586 10.91
0.22 6.95
0.41 10.61
0.67 2.4
0.49 4.24
0.63 6.36
0.39 9.57
0.49 0.07
0.52 2.03
0.29 0.93
0.64 9.5
0.65 3.59
0.58 10.34
0.68 9.61
0.97 3.68
0.36 3.45
0.96 0.8
0.35 3.36
0.93 2.01
0.93 4.11
0.35 9.05
0.12 9.81
0.01 0.09
0.47 9.56
0.79 3.19
0.52 1.59
0.35 8.13
0.83 7.21
0.32 1.18
0.20 1.18
0.80 0.75
0.85 8.28
0.86 6.43
0.23 1.05
0.75 10.99
0.90 7.53
0.65 10.33
0.06 3.14
0.30 9.39
0.29 2.86
0.23 4.47
0.79 2.39
0.11 9.92
0.33 6.14
0.71 4.22
0.50 2.89
0.09 5.99
0.26 1.16
0.85 7.34
0.27 2.57
0.03 9.49
0.04 9.96
0.13 9.37
0.53 6.46
0.03 1.46
0.09 1.37
0.79 1.76
0.27 3.3
0.21 1.8
0.98 10.72
0.01 9.66
0.88 0.99
0.58 2.88
0.67 7.55
0.07 4.61
0.13 10.4
0.39 7.64
0.45 3.12
0.79 6.42
0.53 2.77
0.76 8.3
0.80 7.46
0.59 10.65
0.31 5.98
0.28 2.25
0.61 0.84
0.96 0.94
0.81 2.53
0.48 6.84
0.82 3.36
0.11 7.77
0.73 0.38
0.60 6.08
0.01 5.24
0.52 1.89
0.34 5.17
0.89 1.18
0.86 2.66
0.99 1.5
0.13 0.86
0.37 10.33
0.10 6.02
0.15 5.82
0.97 10.92
0.18 9.51
0.02 3.57
0.29 2.47
0.14 10.68
0.17 8.9
0.43 1.2
0.96 8.37
0.25 7.8
0.96 0.92
0.50 1.67
0.59 9.69
0.77 0.84
0.85 8.35
0.22 2.79
0.52 5.84
0.93 2.4
0.11 0.41
0.79 7.01
0.23 10.09
0.38 4.12
0.76 6.1
0.25 10.35
0.16 0.24
0.87 4.1
0.73 5.44
0.98 4.47
0.83 1.4
0.90 8.05
0.54 5.02
0.98 4.69
0.76 10.9
0.19 6.81
0.92 8.89
0.52 0.13
0.21 0.46
0.49 9.37
0.97 9.88
0.41 6.15
0.22 2.38
0.61 8.75
0.33 5.31
0.21 0.99
0.47 2.89
0.60 10.9
0.27 5.42
0.91 8.46
0.87 0.37
0.12 10.62
0.69 9.84
0.84 4.79
0.05 7.65
0.27 3.12
0.98 8.08
0.11 0.45
0.73 1.37
0.28 9.00
0.07 10.18
0.40 7.02
0.96 2.56
0.27 6.29
0.61 1.76
0.52 8.3
0.48 0.62
0.72 4.26
0.39 5.95
0.46 2.18
0.21 10.44
0.19 3.82
0.55 7.77
0.80 4.56
0.31 3.65
0.91 8.37
0.54 9.05
0.44 0.35
0.75 4.32
0.37 8.13
0.84 9.26
0.43 7.46
0.24 4.13
0.40 1.25
0.69 1.41
0.07 2.26
0.92 8.11
0.68 2.35
0.56 3.81
0.15 10.11
0.17 3.39
0.41 2.01
0.92 4.36
0.01 3.22
0.07 10.28
0.37 0.57
0.57 3.91
0.02 1.05
0.80 0.43
0.54 8.96
0.65 0.07
0.96 1.37
0.12 10.67
0.37 9.89
0.75 1.06
0.35 7.91
0.21 4.02
0.16 4.68
0.36 10.55
0.38 1.06
0.04 8.73
0.68 1.62
0.36 4.89
0.09 1.35
0.01 0.75
0.47 4.46
0.48 3.7
0.01 1.58
0.20 6.75
0.06 0.43
0.37 6.41
0.19 5.77
0.26 4.42
0.76 0.73
0.08 7.94
0.56 0.99
0.13 6.56
0.93 3.15
0.09 6.45
0.46 6.15
0.94 1.07
0.32 10.71
0.65 9.29
0.75 4.55
0.67 0.97
0.79 10.69
0.45 8.1
0.28 0.49
0.43 4.69
0.23 0.92
0.41 8.53
0.60 7.46
0.27 10.64
0.48 3.92
0.49 7.67
0.70 3.28
0.67 8.84
0.11 8.47
0.08 1.37
0.89 9.61
0.31 6.34
0.72 4.2
0.57 10.94
0.01 7.58
0.99 5.14
0.52 0.65
0.03 10.75
0.37 4.77
0.92 0.97
0.38 7.17
0.26 10.16
0.27 1.21
0.65 2.13
0.15 6.11
0.52 9.52
0.52 5.8
0.50 4.00
0.70 0.95
0.47 5.32
0.73 8.19
0.81 7.23
0.28 1.27
0.90 6.78
0.01 7.09
0.81 5.87
0.82 1.46
0.88 7.26
0.20 3.7
0.04 6.54
0.72 2.95
0.59 7.73
0.42 9.99
0.21 5.18
0.41 3.17
0.12 8.97
0.07 3.35
0.97 9.34
0.27 0.57
0.79 1.31
0.39 6.97
0.22 8.1
0.86 6.51
0.65 6.08
0.44 9.16
0.65 2.53
0.62 5.38
0.94 6.59
0.47 6.94
0.27 6.5
0.93 2.39
0.81 9.77
0.98 6.5
0.55 8.61
0.52 4.98
0.23 9.78
0.97 5.13
0.86 0.29
0.82 10.53
0.73 0.57
0.91 9.36
0.52 5.31
0.27 6.97
0.07 1.67
0.10 10.03
0.14 7.87
0.36 6.98
0.01 5.49
0.77 6.92
0.30 10.52
0.77 3.33
0.39 6.78
0.68 9.76
0.11 0.77
0.41 2.11
0.02 10.82
0.92 3.03
0.26 8.28
0.10 10.76
0.03 3.74
0.84 9.55
0.40 1.83
0.29 9.45
0.02 8.39
0.92 0.52
0.36 8.06
0.27 0.5
0.62 7.64
0.28 10.89
0.45 10.66
0.28 1.12
0.65 1.02
0.24 10.46
0.48 1.87
0.82 10.48
0.74 1.46
0.81 1.4
0.49 3.16
0.31 3.68
0.61 0.19
0.23 1.93
0.76 2.68
0.99 0.42
0.39 2.13
0.51 2.56
0.58 2.51
0.66 5.22
0.05 5.5
0.75 9.24
0.26 5.35
0.29 8.01
0.24 5.89
0.97 2.93
0.65 10.49
0.82 6.64
0.95 3.31
0.44 4.02
0.46 10.45
0.18 6.85
0.71 0.13
0.57 5.74
0.91 1.93
0.69 3.28
0.32 3.78
0.71 7.08
0.22 10.97
0.12 0.3
0.03 8.03
0.41 3.37
0.67 0.3
0.21 0.21
0.95 10.64
0.63 5.05
0.97 6.18
0.21 7.76
0.40 1.09
0.28 10.64
0.95 6.14
0.33 6.51
0.85 5.46
0.44 1.2
0.01 4.7
0.90 8.19
0.15 4.63
0.62 5.21
0.19 7.56
0.78 7.57
0.12 7.99
0.65 6.86
0.43 7.17
0.25 8.08
0.07 3.61
0.63 4.06
0.58 3.94
0.76 1.76
0.87 7.73
0.05 10.07
0.34 2.97
0.70 1.42
0.39 8.21
0.53 0.99
0.84 0.19
0.56 4.86
0.81 6.76
0.95 8.25
0.93 5.72
0.55 6.03
0.62 10.91
0.83 9.25
0.61 9.22
0.63 6.95
0.70 4.04
0.60 3.84
0.75 2.15
0.90 6.71
0.50 7.46
0.23 0.94
0.56 6.26
0.02 4.91
0.95 6.98
0.41 3.07
0.53 10.33
0.07 8.35
0.29 5.64
0.53 6.68
0.77 6.67
0.13 2.9
0.27 2.66
0.66 5.48
0.99 2.65
0.10 10.21
0.75 9.63
0.92 4.52
0.74 3.08
0.65 4.4
0.90 7.08
0.40 1.11
0.28 9.52
0.25 7.00
0.20 5.46
0.72 4.77
0.86 9.53
0.59 3.12
0.02 5.37
0.95 0.41
0.64 8.67
0.73 0.56
0.74 7.62
0.54 8.03
0.67 3.05
0.36 0.12
0.87 8.95
0.74 2.84
0.01 3.91
0.25 2.7
0.26 2.76
0.86 8.21
0.60 10.15
0.23 10.87
0.74 3.21
0.79 5.39
0.63 0.38
0.05 3.39
0.17 9.29
0.99 7.68
0.92 7.38
0.78 10.77
0.47 8.25
0.03 8.53
0.45 4.45
0.77 3.78
0.54 0.67
0.39 8.34
0.63 10.25
0.61 9.77
0.44 6.21
0.86 3.37
0.79 7.39
0.97 6.03
0.21 1.28
0.32 0.47
0.61 2.5
0.98 1.72
0.55 5.83
0.22 7.86
0.72 7.52
0.28 2.72
0.74 3.43
0.26 6.32
0.24 6.55
0.50 7.1
0.17 6.89
0.79 7.67
0.34 9.97
0.66 8.1
0.85 9.87
0.96 7.3
0.93 0.1
0.75 4.54
0.76 10.1
0.40 2.00
0.74 3.19
0.84 8.89
0.86 3.57
0.84 2.31
0.12 8.43
0.42 5.98
0.95 4.61
0.18 10.55
0.85 4.31
0.28 3.18
0.21 2.00
0.68 9.72
0.69 5.81
0.23 1.62
0.73 10.48
0.72 9.77
0.95 9.69
0.62 2.12
0.51 10.91
0.24 1.1
0.15 6.19
0.45 5.86
0.66 3.23
0.80 6.62
0.54 7.41
0.38 3.19
0.57 2.43
0.61 7.37
0.37 8.41
0.17 6.34
0.92 5.26
0.85 4.98
0.03 4.38
0.94 9.33
0.68 4.05
0.95 9.95
0.94 3.5
0.77 2.25
0.89 4.98
0.72 7.47
0.36 10.79
0.32 6.92
0.12 4.03
0.01 1.48
0.80 9.85
0.95 0.37
0.25 1.85
0.57 4.97
0.77 2.66
0.15 6.75
0.01 1.05
0.51 9.29
0.65 7.68
0.15 9.23
0.13 10.11
0.63 5.36
0.98 10.05
0.83 9.61
0.11 3.95
0.91 5.47
0.32 0.82
0.78 0.16
0.96 5.51
0.39 7.13
0.44 2.35
0.87 7.84
0.23 5.83
0.72 0.99
0.12 0.32
0.78 8.7
0.99 10.18
0.77 7.89
0.28 1.76
0.31 6.05
0.54 10.78
0.94 0.62
0.80 5.44
0.13 0.09
0.99 4.84
0.45 6.04
0.99 0.16
0.32 7.92
0.89 1.89
0.42 1.79
0.55 5.11
0.29 1.76
0.24 0.28
586 8.1
0.34 4.21
0.29 6.05
0.54 5.68
0.57 2.72
0.71 3.45
0.19 6.57
0.14 0.06
0.01 2.22
0.40 3.49
0.02 6.44
0.01 1.91
0.61 2.47
0.61 4.55
0.41 0.18
0.21 7.66
0.99 6.39
0.74 4.81
0.79 8.49
0.52 6.51
0.69 4.53
0.99 0.87
0.10 5.31
0.19 2.04
0.73 1.81
0.32 1.2
0.95 5.12
0.98 0.76
0.53 6.00
0.91 6.56
0.79 4.9
0.90 5.66
0.43 5.48
0.56 3.77
0.75 1.19
0.94 0.95
0.52 3.22
0.27 1.53
0.01 4.76
0.80 6.42
0.31 1.24
0.58 7.66
0.89 1.49
0.05 2.27
0.22 1.47
0.86 8.00
0.87 0.33
0.62 1.35
0.20 1.53
0.14 1.87
0.28 0.35
0.55 3.6
0.34 5.31
0.39 6.62
0.79 6.01
0.83 1.08
0.17 2.69
0.85 1.21
0.34 8.97
0.97 1.12
0.64 5.43
0.93 5.86
0.20 5.35
0.34 0.1
0.93 2.83
0.56 0.03
0.27 3.74
0.20 0.84
0.01 6.74
0.71 1.54
0.72 0.43
0.56 2.76
0.45 0.9
0.74 2.33
0.45 6.88
0.47 6.05
0.11 5.54
0.48 4.25
0.32 7.44
0.59 6.37
0.44 0.92
0.95 1.7
0.89 2.3
0.45 8.52
0.85 1.68
0.35 8.21
0.08 1.15
0.70 3.74
0.76 3.72
0.93 8.97
0.50 2.25
0.89 7.69
0.58 6.69
0.54 5.85
0.23 4.66
0.77 2.04
0.64 2.28
0.70 3.22
0.78 0.33
0.73 7.08
0.20 5.05
0.30 8.31
0.02 7.23
0.04 7.07
0.35 5.05
0.42 7.57
0.18 0.07
0.92 2.99
0.82 0.39
0.51 2.43
0.74 1.93
0.31 8.11
0.78 0.51
0.87 8.84
0.96 1.28
0.23 7.91
0.70 4.59
0.65 0.69
0.58 5.07
0.86 3.78
0.96 6.1
0.62 0.27
0.72 3.77
0.33 4.57
0.48 3.15
0.21 1.99
0.71 3.97
0.03 1.85
0.11 8.53
0.35 6.8
0.55 8.34
0.17 1.55
0.68 5.3
0.55 3.99
0.16 4.06
0.12 7.38
0.28 3.11
0.73 5.59
0.94 0.49
0.10 6.17
0.92 6.92
0.36 0.02
0.23 0.38
0.10 4.53
0.80 5.42
0.68 3.77
0.86 8.83
0.69 4.96
0.99 7.8
0.77 0.79
0.64 3.08
0.80 4.25
0.71 6.73
0.88 2.06
0.56 7.58
0.01 2.39
0.27 3.54
0.21 8.79
0.11 6.84
0.43 3.8
0.41 1.92
0.57 5.16
0.20 2.91
0.13 1.18
0.04 8.38
0.92 3.67
0.82 8.91
0.36 4.19
0.09 4.37
0.67 5.04
0.43 1.41
0.60 5.07
0.72 6.29
0.50 7.68
0.98 1.84
0.01 3.66
0.53 3.45
0.52 2.23
0.41 0.27
0.05 7.33
0.13 1.6
0.87 7.85
0.07 8.64
0.31 1.42
0.95 0.00
0.14 5.22
0.03 8.73
0.82 0.57
0.03 6.42
0.20 7.68
0.52 2.21
0.56 3.01
0.77 6.08
0.03 1.24
0.65 5.11
0.15 8.31
0.84 0.02
0.26 5.65
0.94 3.88
0.33 2.18
0.08 5.79
0.78 2.18
0.96 3.01
0.25 1.4
0.07 3.68
0.46 1.65
0.47 4.1
0.78 0.42
0.21 1.36
0.02 1.36
0.06 7.92
0.94 0.5
0.19 6.54
0.81 4.84
0.30 0.93
0.13 6.67
0.40 1.54
0.59 5.87
0.09 7.65
0.42 6.37
0.29 2.4
0.32 8.91
0.92 8.24
0.25 0.27
0.08 5.04
0.23 7.94
0.15 8.35
0.31 2.86
0.32 6.97
0.90 4.2
0.43 8.98
0.45 4.57
0.69 4.8
0.17 7.96
0.65 2.69
0.67 4.1
0.83 7.35
0.51 2.41
0.13 0.21
0.71 4.65
0.07 6.31
0.31 0.69
0.56 5.57
0.34 1.92
0.16 1.81
0.28 4.71
0.02 3.4
0.41 5.92
0.33 2.83
0.33 6.69
0.49 7.28
0.82 6.66
0.52 7.05
0.93 1.81
0.06 4.89
0.95 0.79
0.47 2.00
0.38 1.15
0.43 3.87
0.63 2.27
0.78 6.96
0.60 2.35
0.55 4.36
0.93 5.51
0.88 4.72
0.46 0.12
0.21 5.81
0.18 5.24
0.24 2.48
0.73 6.56
0.27 5.11
0.79 1.18
0.38 4.86
0.34 3.42
0.88 3.02
0.42 3.54
0.43 4.98
0.02 6.28
0.53 1.4
0.95 8.03
0.02 1.05
0.75 2.86
0.47 6.77
0.22 4.37
0.74 8.7
0.01 6.9
0.62 7.89
0.63 3.21
0.71 3.37
0.06 2.57
0.28 8.00
0.41 8.18
0.01 4.66
0.18 1.17
0.88 1.42
0.61 3.48
0.77 3.41
0.58 8.03
0.14 6.03
0.01 0.95
0.47 3.81
0.58 4.06
0.54 8.34
0.66 0.09
0.12 1.86
0.90 4.08
0.64 8.42
0.22 2.65
0.85 2.16
0.98 1.19
0.91 8.25
0.70 4.17
0.37 6.33
0.87 4.69
0.48 8.14
0.69 6.54
0.90 8.34
0.32 2.17
0.39 2.91
0.99 2.94
0.46 7.32
0.93 7.96
0.33 2.69
0.90 2.21
0.53 1.93
0.78 5.6
0.30 3.72
0.72 7.86
0.32 6.05
0.27 3.25
0.33 5.66
0.60 7.04
0.08 4.9
0.85 7.98
0.74 5.07
0.20 3.75
0.54 8.14
0.75 0.31
0.20 6.94
0.23 8.64
0.63 1.88
0.17 7.64
0.21 2.05
0.71 0.72
0.41 7.6
0.36 7.29
0.36 5.4
0.64 6.38
0.11 2.25
0.12 7.65
0.28 0.64
0.20 0.13
0.09 8.43
0.18 4.89
0.59 8.45
0.84 4.66
0.46 0.33
0.29 2.6
0.29 3.67
0.58 5.25
0.86 1.41
0.28 7.65
0.69 7.98
0.86 3.11
0.02 0.28
0.22 3.93
0.14 6.78
0.90 6.00
0.96 1.85
0.90 3.87
0.45 1.22
0.07 6.71
0.22 1.58
0.42 5.56
0.16 2.86
0.67 1.89
0.43 4.88
0.22 7.75
0.88 0.75
0.46 2.15
0.11 2.19
0.53 4.33
0.13 6.09
0.31 4.28
0.37 5.8
0.35 0.31
0.36 2.96
0.59 3.29
0.07 5.82
0.40 7.66
0.11 0.67
0.10 7.34
0.65 2.2
0.05 6.41
0.74 8.66
0.11 1.00
0.10 3.72
0.06 0.23
0.75 4.92
0.48 8.62
0.92 0.12
0.27 0.02
0.04 5.26
0.01 8.39
0.86 6.46
0.96 1.12
0.69 7.16
0.61 5.65
0.71 7.41
0.81 8.49
0.12 8.81
0.77 4.09
0.56 7.48
0.28 5.97
0.01 8.3
0.64 5.14
0.24 6.96
0.60 7.55
0.16 5.64
0.97 2.44
0.59 5.57
0.50 6.2
0.01 6.23
0.34 4.56
0.02 6.77
0.59 1.25
0.62 7.77
0.22 8.4
0.75 3.37
0.75 0.28
0.40 4.44
0.79 2.6
0.52 7.53
0.34 1.55
0.66 0.83
0.63 7.78
0.90 4.66
0.36 6.64
0.59 6.79
0.71 2.76
0.65 5.94
0.78 8.62
0.83 8.84
0.38 5.58
0.13 7.31
0.77 6.46
0.25 8.02
0.85 5.23
0.35 0.75
0.83 8.45
0.22 2.04
0.76 0.12
0.70 5.23
0.09 4.5
0.05 8.26
0.54 5.73
0.47 7.83
0.14 0.17
0.61 2.51
0.32 6.62
0.35 8.14
0.67 7.55
0.79 0.48
0.58 4.32
0.49 1.02
0.28 7.87
0.89 3.61
0.79 1.13
0.39 6.38
0.41 7.15
0.18 6.32
0.21 3.69
0.57 7.15
0.15 6.35
0.57 7.75
0.92 6.99
0.04 8.14
0.01 1.99
0.20 7.63
0.01 7.32
0.64 0.92
0.21 2.96
0.93 5.39
0.47 6.63
0.92 7.86
0.79 1.91
0.96 7.66
0.93 5.38
0.72 3.27
0.41 6.2
0.13 2.49
0.27 8.93
0.30 6.16
0.51 7.31
0.34 6.28
0.67 8.48
0.66 3.31
0.35 3.69
0.65 3.03
0.72 6.16
0.93 6.67
0.77 5.77
0.56 0.53
0.69 6.89
0.88 5.14
0.19 8.35
0.67 4.25
0.44 0.29
0.22 6.24
0.46 5.92
0.76 7.25
0.28 5.94
0.75 2.14
0.39 3.46
0.19 0.55
0.72 7.07
0.59 7.67
0.14 2.03
0.37 1.55
0.12 4.61
0.35 4.55
0.95 3.37
0.72 0.13
0.59 3.74
0.68 5.93
0.59 4.96
0.02 6.23
0.69 2.86
0.99 5.94
0.94 0.74
0.32 3.45
0.70 7.32
0.06 0.96
0.02 4.3
0.36 3.61
0.67 3.29
0.87 5.36
0.44 7.35
0.65 7.19
0.94 2.12
0.26 3.36
0.33 7.01
0.06 0.09
0.78 7.71
0.53 3.24
0.35 0.11
0.94 8.52
0.42 5.68
0.78 6.57
0.24 4.68
0.47 6.03
0.27 5.83
0.79 8.34
0.35 7.62
0.05 0.77
0.39 1.61
0.98 4.4
0.25 5.83
0.85 6.75
0.63 5.37
0.38 5.19
0.04 6.32
0.02 1.13
0.25 2.01
0.20 8.66
0.87 3.63
0.94 2.9
0.22 2.48
0.67 8.08
0.69 7.44
0.93 1.89
0.01 2.38
0.04 5.65
0.08 6.98
0.99 7.04
0.36 8.24
0.41 5.03
0.59 3.31
0.43 8.36
0.91 7.04
0.59 8.91
0.22 4.09
0.19 8.45
0.71 5.59
0.98 7.59
0.41 4.95
0.10 7.31
586 73.61
0.41 52.37
0.46 62.04
0.77 0.47
0.06 47.01
0.36 61.00
0.38 54.43
0.50 44.61
0.15 34.28
0.79 32.16
0.27 46.72
0.56 26.72
0.04 32.69
0.03 5.01
0.98 58.91
0.94 12.86
0.45 54.83
0.06 21.69
0.92 49.49
0.25 17.52
0.28 61.06
0.62 17.91
0.83 20.76
0.41 73.75
0.99 16.21
0.63 3.66
0.18 24.39
0.07 68.41
0.08 23.26
0.98 3.16
0.59 62.3
0.76 53.66
0.48 7.73
0.56 58.89
0.78 21.44
0.96 39.3
0.73 31.9
0.41 72.98
0.35 47.24
0.85 2.92
0.44 64.75
0.72 69.41
0.72 51.00
0.45 59.58
0.86 31.86
0.71 13.59
0.54 3.52
0.26 54.87
0.25 72.27
0.23 68.44
0.98 65.91
0.64 16.91
0.61 49.48
0.65 31.03
0.51 44.14
0.57 0.67
0.83 54.06
0.60 31.4
0.07 57.92
0.01 48.08
0.18 39.7
0.46 70.63
0.69 1.67
0.72 45.81
0.30 48.65
0.51 55.26
0.36 66.95
0.37 2.53
0.81 3.01
0.90 73.41
0.60 19.81
0.30 2.83
0.02 27.8
0.83 9.78
0.84 52.69
0.77 70.65
0.66 24.7
0.48 71.38
0.53 64.5
0.25 60.00
0.63 62.79
0.95 45.88
0.73 63.55
0.72 67.76
0.49 38.41
0.16 14.63
0.16 54.48
0.51 4.25
0.01 36.85
0.54 51.47
0.33 46.44
0.22 72.26
0.37 27.98
0.04 3.00
0.94 68.09
0.60 55.47
0.90 3.51
0.94 52.82
0.65 58.33
0.12 31.57
0.14 3.35
0.51 30.33
0.55 2.35
0.53 11.95
0.89 66.95
0.79 22.98
0.25 54.02
0.07 20.61
0.92 53.24
0.41 67.27
0.28 18.1
0.14 25.96
0.99 27.31
0.05 9.25
0.26 23.51
0.37 26.11
0.09 3.94
0.40 27.87
0.59 55.16
0.29 65.3
0.54 13.81
0.34 33.85
0.52 59.2
0.75 62.1
0.01 25.19
0.40 29.13
0.80 56.01
0.91 63.17
0.20 61.89
0.67 37.16
0.01 68.11
0.47 43.25
0.57 51.77
0.37 32.9
0.70 43.61
0.04 60.82
0.84 11.09
0.78 70.19
0.59 59.35
0.11 55.74
0.34 51.43
0.48 54.2
0.85 63.07
0.27 6.69
0.31 19.03
0.15 30.12
0.45 22.34
0.65 33.45
0.01 32.08
0.22 18.07
0.74 61.07
0.28 34.44
0.15 52.42
0.55 73.73
0.26 40.09
0.40 51.17
0.71 3.65
0.55 11.88
0.73 70.62
0.87 42.21
0.22 9.18
0.26 51.25
0.99 52.75
0.69 61.67
0.55 44.93
0.58 13.64
0.61 20.25
0.19 45.95
0.81 32.25
0.75 53.99
0.85 23.25
0.88 49.24
0.65 53.51
0.86 14.18
0.41 10.63
0.99 27.12
0.07 37.26
0.45 59.77
0.10 34.83
0.61 71.06
0.86 60.07
0.62 60.65
0.63 26.83
0.56 55.65
0.25 19.24
0.77 9.5
0.22 61.51
0.56 47.86
0.17 19.93
0.55 31.00
0.17 8.13
0.82 23.39
0.17 28.15
0.86 45.92
0.05 69.69
0.14 71.43
0.60 32.47
0.68 33.85
0.51 31.61
0.42 44.43
0.65 35.12
0.44 64.79
0.30 61.72
0.87 2.54
0.37 14.39
0.36 71.69
0.20 22.48
0.13 56.79
0.74 23.7
0.15 10.34
0.59 14.41
0.88 38.28
0.71 72.97
0.16 8.32
0.87 52.61
0.26 65.17
0.57 67.32
0.14 42.48
0.93 69.14
0.86 57.52
0.67 49.57
0.60 69.3
0.61 47.83
0.75 25.00
0.92 44.12
0.66 58.94
0.08 59.4
0.77 73.26
0.86 66.66
0.95 24.26
0.93 50.95
0.76 11.94
0.11 19.11
0.31 53.08
0.43 19.66
0.89 28.77
0.81 57.51
0.60 29.05
0.62 47.00
0.38 73.46
0.88 21.74
0.52 15.85
0.90 35.48
0.73 56.16
0.60 58.4
0.52 55.51
0.93 57.08
0.83 9.98
0.57 7.87
0.78 66.81
0.80 67.55
0.69 23.81
0.50 33.21
0.55 25.18
0.10 64.47
0.85 24.3
0.95 22.39
0.54 61.17
0.36 52.63
0.54 43.21
0.41 64.49
0.16 45.99
0.02 66.06
0.27 37.17
0.55 1.16
0.41 38.42
0.61 55.3
0.65 18.85
0.51 14.58
0.44 7.13
0.24 59.15
0.42 65.42
0.79 34.97
0.80 2.9
0.09 1.3
0.09 39.73
0.22 46.03
0.39 17.4
0.91 31.51
0.87 9.58
0.01 69.67
0.28 35.09
0.07 21.59
0.40 24.01
0.49 25.32
0.10 64.57
0.84 10.12
0.24 27.53
0.67 10.56
0.06 72.14
0.59 57.84
0.26 37.71
0.88 44.99
0.89 68.00
0.90 45.84
0.01 61.93
0.37 24.06
0.13 3.11
0.32 14.67
0.39 33.98
0.95 69.76
0.85 40.64
0.82 37.15
0.71 5.68
0.61 3.52
0.14 64.46
0.04 4.17
0.92 67.5
0.58 34.89
0.44 67.39
0.91 37.15
0.76 29.32
0.58 18.47
0.81 15.95
0.79 20.09
0.43 18.13
0.84 22.83
0.28 33.86
0.75 65.73
0.83 2.65
0.64 60.83
0.64 59.79
0.89 38.51
0.50 34.69
0.64 70.43
0.47 32.36
0.11 6.7
0.06 71.43
0.89 3.45
0.54 20.58
0.38 4.49
0.15 67.43
0.74 59.44
0.84 58.94
0.20 30.32
0.48 52.38
0.71 27.93
0.86 47.03
0.24 31.07
0.25 52.13
0.17 39.06
0.07 42.65
0.29 62.08
0.11 46.08
0.63 36.8
0.11 16.07
0.56 54.54
0.59 30.37
0.18 55.35
0.70 69.53
0.17 60.11
0.24 44.05
0.42 73.19
0.50 37.66
0.10 0.02
0.90 11.7
0.97 67.24
0.03 54.92
0.96 10.28
0.18 31.33
0.36 12.87
0.01 6.13
0.20 8.5
0.38 19.02
0.93 9.14
0.63 59.33
0.40 14.12
0.46 7.6
0.08 20.67
0.83 68.31
0.22 69.38
0.35 41.46
0.37 65.4
0.73 27.06
0.88 38.39
0.80 52.03
0.27 59.64
0.35 43.27
0.18 62.62
0.38 36.59
0.83 24.01
0.30 61.33
0.47 53.58
0.26 11.98
0.64 51.79
0.69 54.06
0.80 70.93
0.79 65.72
0.49 27.86
0.88 73.23
0.47 56.47
0.01 60.33
0.86 66.91
0.12 29.28
0.21 35.79
0.78 5.72
0.57 71.97
0.07 50.35
0.47 23.58
0.94 57.95
0.18 18.8
0.56 24.69
0.13 14.5
0.42 48.29
0.66 38.36
0.09 12.23
0.94 35.33
0.88 67.91
0.35 61.16
0.42 40.63
0.10 6.13
0.04 13.85
0.11 72.01
0.80 33.89
0.27 45.64
0.21 61.00
0.88 49.38
0.01 17.81
0.98 57.96
0.09 15.62
0.65 60.75
0.51 71.19
0.75 24.99
0.08 13.26
0.54 61.39
0.15 62.78
0.17 59.67
0.88 7.28
0.03 69.94
0.15 45.38
0.16 20.62
0.68 28.28
0.94 34.05
0.46 73.32
0.59 13.00
0.21 69.00
0.02 36.88
0.61 65.43
0.83 59.1
0.80 56.48
0.48 62.16
0.56 63.43
0.48 9.16
0.32 68.81
0.84 72.53
0.41 26.42
0.29 59.72
0.71 70.82
0.03 26.82
0.51 54.44
0.68 10.87
0.31 53.87
0.92 22.71
0.60 3.56
0.01 61.42
0.54 55.23
0.42 14.95
0.65 29.68
0.62 11.2
0.16 7.4
0.79 46.23
0.32 33.15
0.54 57.27
0.10 13.8
0.38 26.22
0.92 44.52
0.33 73.21
0.95 36.93
0.64 33.43
0.42 56.27
0.27 23.34
0.84 50.44
0.49 30.82
0.76 4.74
0.58 1.61
0.06 66.39
0.70 39.87
0.06 32.51
0.01 17.94
0.95 25.21
0.23 0.55
0.59 50.51
0.09 32.33
0.85 60.43
0.41 21.49
0.38 39.41
0.08 28.66
0.62 19.31
0.25 15.56
0.98 56.06
0.49 58.57
0.58 42.91
0.95 30.51
0.90 23.24
0.40 61.16
0.33 21.94
0.61 39.57
0.92 59.88
0.17 26.97
0.67 16.05
0.73 17.16
0.31 28.58
0.74 23.41
0.77 14.64
0.53 6.78
0.69 39.99
0.16 0.39
0.25 50.65
0.61 62.28
0.44 20.54
0.61 37.89
0.46 63.65
0.39 40.79
0.56 45.85
0.34 67.24
0.33 24.08
0.20 25.33
0.50 61.94
0.60 67.08
0.48 4.49
0.46 67.14
0.86 59.93
0.94 57.78
0.28 24.54
0.61 59.82
0.38 19.02
0.12 44.35
0.63 49.09
0.96 16.17
0.44 21.67
0.43 40.81
0.81 52.27
0.75 9.57
0.03 12.16
0.96 54.15
0.49 67.11
0.84 48.85
0.91 44.02
0.61 41.75
0.80 67.13
0.65 19.4
0.40 28.98
0.95 65.62
0.11 61.08
0.18 28.57
0.37 40.94
0.19 62.84
0.81 23.25
0.08 55.09
0.76 69.26
0.95 9.18
0.76 59.13
0.41 21.77
0.03 47.31
0.39 23.33
0.03 63.13
0.65 48.46
0.41 73.55
0.96 35.31
0.65 13.78
0.27 32.54
0.38 48.6
0.26 51.42
0.73 34.33
0.57 58.19
0.60 21.32
0.78 21.3
0.19 67.82
0.68 33.95
0.99 12.79
0.05 50.77
0.53 62.03
0.56 56.77
0.91 1.09
0.47 48.43
0.13 15.77
0.81 0.72
0.32 12.04
0.38 15.81
0.91 36.00
0.86 65.91
0.28 52.44
0.37 51.18
0.82 28.66
0.57 9.7
0.43 38.04
0.44 11.36
586 60.92
0.90 37.29
0.79 0.54
0.77 36.12
0.06 50.85
0.84 58.23
0.89 40.89
0.71 36.21
0.43 33.7
0.83 17.49
0.43 39.8
0.91 18.33
0.97 9.53
0.32 12.38
0.68 57.62
0.03 50.24
0.24 30.09
0.94 43.08
0.40 34.41
0.83 52.26
0.81 42.52
0.79 54.42
0.47 4.57
0.91 7.9
0.93 14.23
0.44 23.56
0.49 16.91
0.42 51.95
0.68 32.95
0.15 27.99
0.94 33.42
0.93 2.05
0.57 7.74
0.36 20.14
0.12 57.31
0.63 25.16
0.10 43.61
0.38 28.55
0.32 5.34
0.95 46.54
0.86 20.43
0.58 34.55
0.34 35.54
0.07 16.06
0.48 0.48
0.53 42.22
0.51 46.07
0.50 54.26
0.19 39.6
0.50 16.38
0.94 44.48
0.71 36.34
0.90 40.96
0.08 1.93
0.80 39.4
0.99 45.18
0.70 53.68
0.67 37.64
0.13 22.61
0.61 53.81
0.81 40.72
0.21 36.32
0.23 56.24
0.18 55.53
0.19 60.73
0.38 51.71
0.03 16.56
0.46 48.7
0.19 2.94
0.18 19.19
0.91 50.89
0.17 55.6
0.29 28.98
0.26 50.98
0.73 14.82
0.13 30.84
0.36 15.38
0.82 34.09
0.01 39.87
0.38 8.94
0.50 37.74
0.49 16.45
0.51 18.18
0.80 0.83
0.97 31.19
0.33 58.15
0.84 4.65
0.53 55.62
0.85 6.51
0.12 7.67
0.57 58.85
0.75 28.18
0.76 11.15
0.59 31.48
0.57 41.63
0.42 60.32
0.56 17.5
0.09 60.57
0.23 10.7
0.94 60.98
0.70 55.13
0.91 48.28
0.33 60.13
0.89 29.63
0.50 36.01
0.50 58.47
0.17 27.11
0.51 34.75
0.42 7.58
0.30 36.91
0.43 49.32
0.72 35.62
0.36 9.02
0.24 52.35
0.09 21.26
0.89 33.77
0.66 19.53
0.61 20.45
0.70 56.88
0.13 57.73
0.37 8.52
0.62 54.86
0.31 59.21
0.40 48.36
0.82 23.69
0.81 20.39
0.90 60.04
0.99 33.42
0.73 0.73
0.93 11.47
0.86 44.46
0.67 57.8
0.73 14.45
0.70 56.05
0.75 55.39
0.17 32.63
0.67 47.15
0.93 27.92
0.78 38.98
0.32 17.82
0.75 55.54
0.12 0.25
0.68 6.52
0.75 21.56
0.81 28.99
0.68 21.78
0.12 51.01
0.51 49.86
0.69 44.17
0.76 51.81
0.76 1.34
0.80 1.84
0.65 12.93
0.36 32.66
0.67 45.18
0.68 48.19
0.54 17.86
0.75 55.51
0.64 36.27
0.40 37.14
0.20 2.62
0.58 14.08
0.47 47.74
0.14 44.34
0.40 41.09
0.02 16.22
0.58 46.46
0.79 36.6
0.52 2.58
0.25 4.72
0.36 32.83
0.18 59.49
0.62 3.35
0.54 19.76
0.63 22.92
0.85 32.59
0.24 58.04
0.14 18.56
0.68 28.81
0.73 53.69
0.96 52.66
0.96 53.28
0.01 34.19
0.65 10.34
0.25 21.11
0.04 15.18
0.98 23.87
0.78 56.12
0.83 26.08
0.69 30.74
0.65 54.17
0.25 37.82
0.01 23.08
0.74 34.12
0.53 49.82
0.03 24.69
0.82 33.17
0.07 38.37
0.19 56.73
0.73 13.62
0.89 50.97
0.41 26.05
0.15 60.69
0.21 51.24
0.86 21.58
0.19 6.76
0.26 0.14
0.16 19.7
0.89 58.1
0.29 7.7
0.87 12.38
0.99 59.13
0.85 35.00
0.06 46.19
0.64 22.98
0.64 14.84
0.59 3.29
0.07 43.39
0.17 0.25
0.95 39.89
0.33 39.23
0.44 52.08
0.31 4.66
0.77 30.99
0.74 47.4
0.40 31.51
0.95 12.58
0.39 51.75
0.11 4.52
0.06 43.94
0.91 17.87
0.87 19.43
0.95 48.19
0.25 0.45
0.24 40.85
0.55 19.49
0.72 27.81
0.42 33.05
0.44 21.92
0.73 40.07
0.45 40.04
0.70 32.42
0.77 23.23
0.97 24.47
0.20 53.3
0.47 34.72
0.17 58.74
0.05 31.18
0.78 23.06
0.98 15.65
0.43 8.69
0.13 40.11
0.91 40.4
0.33 12.93
0.64 59.27
0.88 28.88
0.46 3.45
0.77 21.23
0.52 21.2
0.44 17.28
0.14 30.68
0.25 25.97
0.77 18.13
0.88 54.17
0.86 0.72
0.32 30.45
0.07 34.25
0.81 54.69
0.50 34.35
0.80 55.13
0.06 39.77
0.71 16.74
0.01 35.4
0.89 33.94
0.58 46.3
0.55 28.28
0.15 15.05
0.96 21.26
0.46 56.62
0.78 11.75
0.36 50.04
0.60 54.7
0.02 39.64
0.61 10.63
0.43 6.28
0.29 28.55
0.27 36.69
0.57 47.44
0.94 49.48
0.06 22.49
0.69 13.65
0.30 24.28
0.26 42.72
0.49 30.78
0.56 10.33
0.35 46.54
0.92 38.95
0.98 44.63
0.28 38.29
0.33 51.47
0.15 27.27
0.93 21.99
0.43 48.82
0.21 4.92
0.06 39.6
0.84 10.74
0.79 60.19
0.95 34.85
0.70 17.35
0.68 44.28
0.89 23.9
0.78 46.7
0.54 38.61
0.66 46.76
0.48 19.24
0.29 54.09
0.99 60.18
0.12 41.59
0.08 49.38
0.61 22.34
0.60 20.62
0.08 51.8
0.74 32.34
0.84 31.07
0.34 52.63
0.09 11.24
0.25 13.62
0.38 9.75
0.06 47.98
0.40 7.18
0.02 5.47
0.43 37.33
0.79 41.65
0.19 35.22
0.80 59.99
0.45 38.06
0.49 44.53
0.99 60.69
0.38 44.27
0.85 2.54
0.81 50.08
0.41 19.4
0.28 45.78
0.34 46.74
0.88 10.00
0.66 49.8
0.56 45.6
0.41 26.73
0.57 38.06
0.98 39.71
0.38 31.51
0.83 10.85
0.81 36.25
0.78 47.26
0.44 58.53
0.41 18.46
0.19 4.52
0.22 10.2
0.83 59.06
0.14 57.49
0.53 30.41
0.20 60.88
0.46 57.36
0.04 10.77
0.75 56.49
0.66 12.53
0.41 7.63
0.61 39.21
0.48 6.64
0.57 7.69
0.51 10.23
0.50 51.69
0.07 26.69
0.17 53.78
0.66 19.9
0.71 12.97
0.34 39.25
0.47 39.83
0.63 32.00
0.81 23.83
0.45 45.43
0.33 23.12
0.50 33.91
0.60 30.77
0.34 22.54
0.81 38.44
0.10 28.1
0.14 22.85
0.97 20.3
0.40 5.53
0.53 7.29
0.95 27.77
0.28 18.37
0.11 49.04
0.98 39.48
0.08 20.76
0.70 50.56
0.84 22.38
0.24 27.92
0.29 34.21
0.77 50.57
0.31 20.26
0.10 5.28
0.14 4.19
0.14 43.62
0.15 39.95
0.25 20.81
0.99 49.07
0.26 27.05
0.99 14.89
0.04 5.96
0.23 16.87
0.89 28.3
0.94 49.12
0.45 7.95
0.05 33.42
0.83 27.49
0.59 32.3
0.16 53.09
0.55 21.96
0.97 56.17
0.25 26.51
0.09 10.04
0.82 40.67
0.90 37.17
0.77 48.01
0.59 17.82
0.64 26.89
0.85 44.64
0.33 60.42
0.84 19.94
0.26 54.41
0.18 31.94
0.63 1.72
0.63 2.83
0.80 48.58
0.74 12.79
0.29 12.89
0.19 48.1
0.90 42.88
0.96 36.07
0.70 1.33
0.68 25.48
0.23 9.29
0.07 57.87
0.33 46.74
0.53 22.38
0.94 5.36
0.81 32.17
0.01 54.37
0.54 39.57
0.79 40.17
0.88 49.56
0.21 44.81
0.19 18.86
0.94 8.81
0.39 38.75
0.77 31.6
0.46 14.83
0.90 54.41
0.21 42.73
0.62 11.61
0.63 19.35
0.07 0.54
0.77 48.86
0.20 33.58
0.15 10.41
0.75 9.77
0.42 48.85
0.41 59.03
0.53 7.26
0.25 14.03
0.64 41.84
0.02 37.35
0.45 46.13
0.39 39.32
0.87 29.35
0.28 8.47
0.07 15.73
0.84 28.48
0.96 45.3
0.20 30.57
0.72 15.45
0.48 40.74
0.84 9.44
0.68 59.93
0.52 21.52
0.89 43.88
0.39 18.6
0.23 35.26
0.56 18.35
0.28 33.8
0.76 55.12
0.94 16.56
0.62 7.88
0.61 29.4
0.50 28.89
0.13 49.88
0.33 27.96
0.51 24.36
0.95 52.1
0.02 56.18
0.73 19.02
0.41 2.07
0.82 4.32
0.62 46.97
0.60 47.37
0.46 33.49
0.90 9.86
0.85 48.88
0.78 4.58
0.52 45.54
0.03 0.13
0.38 4.97
0.01 50.94
0.13 50.83
0.11 60.67
0.77 46.04
0.91 46.44
0.21 51.03
0.73 26.16
0.19 19.46
0.61 43.14
0.78 27.28
0.73 5.94
0.50 24.23
0.49 14.95
0.25 36.98
0.80 25.48
0.32 57.71
0.03 3.33
0.79 47.47
0.57 37.26
0.37 16.42
0.56 18.18
0.80 19.98
0.46 34.65
0.07 48.9
0.55 0.79
0.84 3.64
0.15 2.63
0.24 54.57
0.55 27.25
0.94 23.93
0.66 27.31
0.06 14.08
0.74 45.44
0.29 9.59
0.84 24.83
0.75 3.44
0.01 28.9
0.01 51.83
0.18 2.11
0.50 38.76
0.27 2.72
0.42 31.33
0.01 15.57
0.36 43.22
0.32 24.96
0.35 49.63
0.11 2.67
0.94 20.69
0.57 22.82
0.48 9.46
0.01 33.89
0.84 18.9
0.51 27.27
0.94 1.11
0.71 47.91
0.99 2.01
0.29 51.54
0.96 2.46
0.95 1.99
0.80 32.86
0.78 59.33
0.80 4.77
0.70 28.32
0.98 14.47
0.55 17.53
0.03 2.08
0.49 9.48
0.30 31.7
0.59 43.03
0.39 7.69
0.36 54.97
0.20 4.31
0.86 51.86
586 72.89
0.87 20.35
0.73 66.99
0.92 34.61
0.11 4.7
0.10 23.44
0.97 66.45
0.96 68.67
0.09 41.59
0.12 36.74
0.71 25.14
0.21 49.94
0.64 48.38
0.50 62.49
0.54 11.77
0.80 60.44
0.26 56.64
0.45 17.05
0.04 29.04
0.40 56.27
0.17 70.48
0.67 71.94
0.31 20.32
0.81 34.33
0.35 18.44
0.64 5.6
0.76 13.24
0.22 31.3
0.78 12.86
0.71 68.13
0.88 61.55
0.62 55.38
0.34 39.19
0.20 72.06
0.90 16.23
0.88 17.87
0.08 70.9
0.69 28.4
0.51 41.81
0.93 54.88
0.07 61.27
0.41 0.98
0.13 72.57
0.03 40.8
0.44 14.15
0.61 53.75
0.52 23.17
0.21 5.45
0.14 8.86
0.95 2.92
0.83 61.53
0.62 55.53
0.13 68.77
0.70 72.18
0.02 16.84
0.69 45.81
0.12 62.54
0.69 8.68
0.78 46.63
0.32 39.99
0.93 13.48
0.98 26.69
0.75 48.41
0.45 2.09
0.81 72.38
0.70 17.19
0.34 4.39
0.42 34.38
0.57 18.29
0.08 11.73
0.22 12.71
0.48 49.74
0.96 51.83
0.30 23.73
0.01 40.44
0.87 72.17
0.43 63.11
0.77 1.21
0.95 30.29
0.58 4.51
0.70 27.52
0.03 1.29
0.75 4.64
0.05 28.37
0.57 20.81
0.44 44.51
0.87 8.62
0.16 61.35
0.11 44.65
0.22 0.68
0.44 20.48
0.58 42.9
0.06 31.99
0.78 13.96
0.23 64.83
0.83 52.96
0.14 63.92
0.31 37.92
0.99 24.2
0.30 45.59
0.19 23.53
0.61 29.85
0.60 60.5
0.56 66.92
0.66 44.44
0.14 10.59
0.07 51.93
0.79 65.61
0.09 10.72
0.80 34.26
0.41 15.63
0.02 13.1
0.58 54.76
0.75 50.43
0.38 10.5
0.31 59.53
0.76 41.51
0.90 52.75
0.71 1.12
0.53 64.66
0.29 29.29
0.39 60.83
0.68 34.11
0.26 61.09
0.55 66.86
0.97 47.79
0.01 38.31
0.75 61.69
0.77 25.23
0.93 44.04
0.75 43.35
0.56 11.23
0.42 1.38
0.87 63.45
0.54 1.42
0.01 42.91
0.12 18.52
0.81 47.3
0.56 60.67
0.99 56.55
0.07 19.78
0.50 32.88
0.81 35.96
0.28 23.8
0.40 15.3
0.84 41.43
0.04 40.51
0.59 47.7
0.89 49.16
0.21 50.68
0.76 37.16
0.04 26.45
0.79 7.85
0.72 59.64
0.59 42.01
0.01 37.05
0.92 64.91
0.10 5.41
0.27 27.31
0.77 47.59
0.66 64.15
0.93 9.95
0.01 46.67
0.44 58.84
0.03 0.85
0.03 42.47
0.77 6.38
0.39 11.79
0.66 62.95
0.90 21.62
0.54 37.07
0.15 32.07
0.13 51.03
0.71 35.06
0.23 72.61
0.12 14.08
0.41 72.46
0.81 36.78
0.99 26.4
0.95 16.62
0.09 22.51
0.16 3.86
0.78 26.74
0.36 50.46
0.49 14.61
0.57 56.33
0.55 37.69
0.33 36.48
0.26 16.88
0.44 60.32
0.26 35.12
0.65 14.86
0.53 64.33
0.02 46.11
0.86 31.67
0.23 53.00
0.12 53.78
0.47 69.18
0.92 12.09
0.04 45.35
0.92 32.00
0.09 46.86
0.63 62.71
0.17 17.29
0.79 49.96
0.55 54.48
0.19 7.27
0.66 28.45
0.58 41.07
0.63 42.07
0.70 42.16
0.69 31.31
0.52 49.76
0.22 56.23
0.26 63.77
0.26 5.48
0.12 51.59
0.05 10.74
0.91 52.33
0.14 47.49
0.83 28.33
0.66 34.43
0.02 64.51
0.77 14.54
0.68 48.9
0.74 48.03
0.77 7.08
0.87 33.52
0.39 66.18
0.38 68.01
0.66 1.19
0.99 35.62
0.53 65.31
0.41 31.85
0.09 28.83
0.28 31.12
0.87 39.13
0.29 59.66
0.96 12.86
0.95 47.00
0.48 66.31
0.91 69.01
0.29 36.57
0.28 1.96
0.71 0.69
0.67 61.32
0.21 20.99
0.69 33.37
0.16 32.37
0.16 55.48
0.74 5.17
0.27 34.14
0.16 43.94
0.17 39.65
0.17 61.84
0.61 22.69
0.34 20.03
0.27 57.71
0.12 46.87
0.95 54.35
0.21 59.04
0.49 18.17
0.36 64.34
0.27 30.03
0.88 66.64
0.62 35.98
0.57 7.53
0.36 64.76
0.48 63.64
0.95 17.51
0.17 56.18
0.21 26.35
0.09 69.36
0.73 24.77
0.91 39.27
0.39 45.33
0.51 21.33
0.66 37.29
0.83 41.98
0.11 49.16
0.32 51.41
0.18 72.29
0.91 48.06
0.35 37.98
0.62 29.46
0.01 26.31
0.51 65.69
0.37 52.78
0.44 63.27
0.60 47.54
0.63 40.73
0.87 70.16
0.35 28.51
0.25 65.54
0.25 66.8
0.56 69.31
0.73 39.68
0.19 43.98
0.63 59.25
0.23 6.32
0.38 5.25
0.21 61.49
0.25 38.8
0.42 44.05
0.08 13.3
0.07 69.76
0.06 64.74
0.70 23.52
0.45 41.61
0.02 14.74
0.03 12.83
0.34 56.4
0.94 32.06
0.24 40.93
0.45 16.51
0.10 42.21
0.33 46.19
0.15 30.03
0.96 71.64
0.98 38.39
0.54 29.03
0.37 63.6
0.30 58.44
0.36 28.52
0.32 38.95
0.06 23.93
0.25 39.24
0.80 47.96
0.38 67.91
0.81 30.03
0.11 40.47
0.99 32.8
0.55 65.45
0.31 71.68
0.25 48.07
0.01 28.47
0.01 24.85
0.86 64.77
0.05 55.1
0.35 58.74
0.28 5.73
0.03 6.58
0.26 71.03
0.09 71.86
0.42 31.87
0.22 46.15
0.26 10.92
0.31 17.54
0.18 27.28
0.46 54.01
0.74 60.59
0.01 14.1
0.29 38.96
0.71 69.36
0.93 14.02
0.54 58.85
0.23 64.55
0.51 2.36
0.47 55.62
0.59 15.15
0.94 25.23
0.19 46.4
0.61 39.37
0.34 5.91
0.40 15.28
0.64 67.25
0.38 3.72
0.93 65.83
0.60 42.57
0.52 61.83
0.98 54.96
0.89 45.34
0.23 51.77
0.16 18.06
0.80 50.42
0.47 32.02
0.99 25.19
0.82 38.52
0.11 32.61
0.63 45.96
0.13 2.45
0.79 48.56
0.94 18.14
0.26 69.08
0.73 44.4
0.27 18.46
0.78 56.5
0.42 40.12
0.05 8.19
0.85 53.73
0.82 32.03
0.30 41.49
0.48 7.75
0.69 16.00
0.66 8.27
0.62 26.26
0.92 34.76
0.34 40.92
0.12 1.63
0.97 54.88
0.31 39.92
0.61 41.61
0.39 69.31
0.07 69.97
0.16 59.94
0.75 3.81
0.03 7.44
0.82 19.97
0.97 68.51
0.85 42.29
0.12 23.74
0.14 57.73
0.61 54.89
0.10 65.36
0.85 68.69
0.89 58.76
0.85 48.82
0.89 68.85
0.27 20.28
0.08 32.02
0.31 58.68
0.23 15.42
0.85 69.83
0.47 71.33
0.55 40.74
0.65 69.11
0.58 69.93
0.99 37.3
0.78 57.1
0.87 42.65
0.18 0.33
0.94 16.27
0.31 37.63
0.78 24.34
0.63 0.06
0.65 45.58
0.54 36.64
0.86 6.51
0.94 6.37
0.40 22.64
0.71 60.27
0.01 36.62
0.65 15.89
0.54 63.37
0.55 70.02
0.52 28.08
0.28 16.72
0.15 18.38
0.85 55.78
0.59 20.01
0.71 2.07
0.13 67.74
0.54 38.91
0.81 60.45
0.33 40.54
0.62 8.26
0.29 0.05
0.47 42.55
0.68 53.27
0.21 26.24
0.84 43.11
0.46 69.01
0.90 50.61
0.87 36.53
0.41 50.61
0.20 14.77
0.78 4.19
0.85 25.24
0.12 46.01
0.91 70.38
0.83 66.49
0.81 35.5
0.23 38.63
0.11 68.52
0.24 29.24
0.55 43.01
0.85 48.72
0.71 71.98
0.26 42.88
0.61 60.37
0.43 39.66
0.33 54.29
0.59 22.82
0.83 4.06
0.90 60.76
0.99 32.47
0.24 29.82
0.96 9.9
0.68 70.5
0.58 65.97
0.49 56.13
0.42 30.47
0.78 34.06
0.68 34.66
0.96 43.1
0.28 6.6
0.39 61.46
0.90 27.95
0.40 11.78
0.48 24.51
0.65 30.71
0.99 68.36
0.46 63.46
0.26 52.86
0.32 0.19
0.94 9.21
0.94 1.84
0.72 49.6
0.97 28.36
0.48 66.72
0.44 14.92
0.32 61.55
0.79 49.31
0.26 33.84
0.45 27.82
0.54 0.76
0.08 36.01
0.09 49.98
0.89 52.23
0.78 18.15
0.11 70.42
0.19 71.25
0.45 57.09
0.90 37.2
0.56 21.66
0.22 72.55
0.60 23.9
0.12 46.2
0.30 61.83
0.62 25.81
0.07 51.78
0.64 12.2
0.01 4.68
0.89 25.25
0.15 43.37
0.22 61.43
0.61 44.56
0.44 58.92
0.22 51.25
0.69 15.37
0.89 67.42
0.09 57.19
0.34 24.69
0.77 13.44
0.28 11.41
0.68 24.85
0.29 20.93
0.74 48.21
0.36 3.1
0.31 23.04
0.41 32.23
0.27 56.45
0.57 69.89
0.85 32.82
0.53 9.67
0.83 29.13
0.09 60.5
0.57 39.3
0.24 42.4
0.55 17.45
0.48 49.2
0.76 5.17
0.85 27.58
0.70 59.41
0.75 68.6
0.58 50.73
0.19 10.24
0.28 43.63
0.10 67.57
0.51 23.75
0.48 23.76
0.20 51.82
0.90 36.09
0.48 6.2
0.89 50.92
0.39 23.64
0.01 44.14
0.03 12.72
0.06 6.62
0.75 14.09
0.68 50.7
0.17 9.91
0.06 32.08
0.35 23.32
0.99 44.2
0.98 70.05
0.23 21.63
586 64.73
0.68 49.63
0.09 23.77
0.99 41.88
0.07 32.77
0.91 47.51
0.56 39.83
0.49 43.25
0.01 58.05
0.07 47.54
0.23 8.77
0.01 8.18
0.88 50.65
0.58 49.68
0.66 4.68
0.84 28.47
0.89 21.26
0.28 31.83
0.36 30.38
0.11 15.11
0.51 34.51
0.18 36.68
0.77 38.88
0.95 63.62
0.26 64.51
0.53 35.41
0.26 52.69
0.88 15.2
0.74 18.38
0.63 15.53
0.27 11.31
0.19 26.46
0.45 10.88
0.70 52.22
0.88 0.09
0.30 34.82
0.47 50.67
0.01 5.64
0.55 36.52
0.53 62.98
0.51 39.73
0.07 47.96
0.91 56.26
0.21 60.68
0.65 62.35
0.66 31.93
0.82 38.66
0.51 2.55
0.25 16.54
0.28 2.48
0.36 1.44
0.80 58.22
0.01 0.35
0.70 17.97
0.57 28.5
0.17 18.16
0.20 16.39
0.82 27.5
0.28 63.52
0.25 43.62
0.99 45.62
0.34 32.84
0.24 64.27
0.85 57.73
0.66 33.41
0.57 37.94
0.40 17.58
0.44 42.53
0.58 42.5
0.73 28.17
0.05 64.94
0.72 29.21
0.09 64.16
0.67 34.52
0.83 20.73
0.80 62.4
0.30 20.34
0.80 63.5
0.98 27.96
0.71 8.17
0.80 14.72
0.52 15.24
0.70 49.86
0.49 21.81
0.15 36.31
0.14 63.79
0.37 24.48
0.69 48.34
0.69 62.06
0.73 59.21
0.97 29.69
0.39 63.58
0.18 2.07
0.40 56.11
0.72 22.26
0.52 59.5
0.01 28.99
0.86 49.61
0.44 22.73
0.66 54.87
0.11 23.03
0.21 5.29
0.34 42.43
0.42 64.69
0.94 47.04
0.71 33.53
0.84 28.09
0.96 64.83
0.62 38.84
0.81 43.65
0.68 35.1
0.18 27.88
0.24 2.12
0.23 58.35
0.56 12.71
0.86 34.91
0.45 6.32
0.08 4.55
0.34 42.96
0.50 19.75
0.90 2.18
0.36 37.27
0.01 8.65
0.92 0.36
0.34 19.78
0.36 34.43
0.71 14.85
0.19 64.56
0.95 54.52
0.73 56.22
0.61 45.01
0.62 53.67
0.06 29.89
0.88 0.19
0.24 37.54
0.67 8.68
0.04 61.75
0.90 13.00
0.98 13.43
0.89 48.56
0.34 43.75
0.80 25.64
0.21 25.83
0.45 63.37
0.65 23.57
0.69 55.93
0.82 30.83
0.47 35.96
0.76 24.23
0.25 32.09
0.20 7.9
0.45 23.11
0.23 6.08
0.38 25.13
0.05 47.69
0.99 29.51
0.34 34.68
0.12 57.73
0.72 31.57
0.91 54.2
0.14 12.8
0.04 60.06
0.18 5.39
0.17 34.9
0.03 11.76
0.23 10.2
0.15 39.35
0.87 44.79
0.76 16.45
0.89 50.01
0.54 20.67
0.59 59.36
0.46 49.92
0.09 15.85
0.88 52.56
0.81 20.14
0.87 3.97
0.80 0.47
0.81 6.19
0.01 12.79
0.33 21.57
0.49 58.46
0.36 63.54
0.69 55.98
0.90 41.12
0.89 38.44
0.41 37.26
0.47 56.79
0.65 20.29
0.66 6.03
0.23 55.13
0.21 43.76
0.76 55.05
0.59 17.00
0.87 62.93
0.24 40.93
0.33 58.19
0.43 40.85
0.49 61.56
0.08 52.37
0.58 17.2
0.84 44.2
0.95 7.09
0.90 49.35
0.69 40.15
0.85 26.65
0.80 39.21
0.89 21.73
0.78 32.42
0.98 16.14
0.76 12.87
0.23 61.94
0.32 51.3
0.81 38.99
0.53 20.69
0.18 49.09
0.59 30.84
0.68 62.27
0.19 31.93
0.47 43.8
0.70 4.27
0.54 7.09
0.35 45.61
0.40 29.53
0.60 50.23
0.98 51.32
0.09 14.45
0.14 29.24
0.33 60.18
0.32 55.5
0.54 12.29
0.08 19.91
0.95 17.52
0.35 57.48
0.48 51.64
0.59 45.78
0.04 60.59
0.29 45.19
0.47 27.49
0.32 39.31
0.41 10.22
0.88 27.26
0.76 24.77
0.15 29.31
0.33 61.37
0.86 21.18
0.32 40.17
0.62 46.06
0.50 39.17
0.72 28.96
0.50 4.26
0.33 3.00
0.54 31.39
0.11 28.97
0.13 47.81
0.06 64.43
0.25 32.85
0.29 1.57
0.09 49.07
0.13 27.92
0.93 31.92
0.99 23.38
0.78 19.28
0.81 9.87
0.82 5.13
0.18 47.97
0.03 28.5
0.13 38.51
0.72 51.79
0.17 62.09
0.96 29.85
0.87 8.53
0.06 36.86
0.24 58.02
0.39 49.88
0.32 38.97
0.16 41.69
0.19 20.38
0.16 48.13
0.12 0.72
0.90 6.6
0.76 30.57
0.02 60.41
0.17 61.29
0.01 39.19
0.98 55.61
0.19 58.43
0.16 58.56
0.80 43.56
0.04 33.14
0.64 61.96
0.21 64.37
0.33 5.06
0.95 7.34
0.58 57.42
0.19 53.34
0.12 21.44
0.21 1.87
0.29 5.72
0.44 21.34
0.92 42.5
0.29 28.07
0.35 23.94
0.94 9.53
0.51 3.24
0.28 24.29
0.14 37.5
0.11 10.03
0.50 39.08
0.23 29.09
0.28 24.59
0.57 52.66
0.45 27.13
0.39 36.18
0.43 23.16
0.24 5.74
0.01 15.78
0.51 55.38
0.26 20.87
0.18 44.98
0.28 48.64
0.73 27.29
0.64 15.99
0.59 7.94
0.82 24.18
0.72 29.44
0.24 45.74
0.27 52.13
0.53 42.33
0.40 13.29
0.38 41.29
0.55 56.36
0.82 36.42
0.31 55.00
0.01 36.96
0.77 4.85
0.84 58.8
0.69 50.93
0.50 41.86
0.79 52.87
0.84 10.2
0.80 41.02
0.09 54.09
0.85 3.86
0.18 4.1
0.01 51.77
0.81 44.15
0.12 40.67
0.99 5.61
0.97 3.52
0.95 51.58
0.56 36.61
0.95 55.87
0.38 59.97
0.39 28.42
0.24 9.87
0.39 21.79
0.58 56.63
0.34 6.01
0.89 10.48
0.40 20.05
0.29 0.84
0.21 38.95
0.19 29.9
0.47 23.66
0.09 62.05
0.82 42.63
0.55 50.78
0.41 8.8
0.30 18.28
0.22 51.25
0.37 46.75
0.82 56.24
0.65 42.74
0.94 47.56
0.36 62.63
0.39 41.56
0.47 38.18
0.53 61.61
0.39 64.86
0.76 52.32
0.04 12.63
0.63 44.05
0.89 39.05
0.97 27.67
0.61 60.17
0.66 8.36
0.39 30.85
0.83 6.37
0.67 62.76
0.65 19.48
0.21 58.53
0.19 32.04
0.33 1.7
0.71 9.58
0.10 7.4
0.16 5.58
0.13 24.08
0.59 29.7
0.26 48.56
0.99 12.85
0.82 35.56
0.43 22.01
0.58 43.08
0.95 53.73
0.77 29.13
0.53 26.18
0.43 53.19
0.51 4.51
0.63 45.29
0.44 63.03
0.45 40.34
0.88 7.17
0.75 21.71
0.64 34.89
0.02 53.92
0.07 57.55
0.48 42.06
0.46 2.09
0.26 47.35
0.19 39.69
0.08 33.28
0.77 60.49
0.48 11.36
0.01 16.28
0.59 36.08
0.68 54.39
0.96 15.18
0.95 50.37
0.34 20.00
0.75 49.75
0.57 20.33
0.26 36.14
0.85 10.5
0.93 44.99
0.69 40.15
0.87 17.77
0.21 41.89
0.01 39.02
0.03 25.28
0.39 39.14
0.01 59.31
0.85 59.01
0.77 26.4
0.64 43.17
0.85 44.79
0.25 5.68
0.26 7.29
0.91 32.57
0.30 23.84
0.12 15.97
0.94 16.26
0.72 9.9
0.15 28.52
0.74 7.77
0.72 12.45
0.98 52.05
0.79 43.37
0.37 25.61
0.60 9.73
0.95 25.23
0.89 49.61
0.02 29.33
0.20 33.07
0.79 10.31
0.43 8.3
0.95 13.09
0.90 2.98
0.15 63.11
0.77 37.06
0.02 12.48
0.47 13.61
0.02 5.42
0.35 42.08
0.86 26.03
0.46 8.5
0.59 17.4
0.61 8.25
0.79 14.37
0.87 49.41
0.23 17.18
0.87 55.44
0.90 1.52
0.41 60.21
0.33 41.41
0.50 20.26
0.64 10.65
0.94 52.86
0.94 40.87
0.88 16.65
0.05 4.6
0.82 61.34
0.88 7.21
0.46 49.63
0.49 21.41
0.13 31.07
0.60 11.98
0.25 3.85
0.13 19.02
0.70 57.07
0.82 39.54
0.95 42.68
0.33 15.67
0.34 30.16
0.07 39.79
0.41 42.39
0.47 45.76
0.13 17.79
0.35 38.18
0.14 13.39
0.86 34.72
0.01 53.58
0.32 4.02
0.57 35.96
0.79 35.26
0.22 64.91
0.39 27.66
0.33 45.8
0.25 10.19
0.11 44.44
0.64 2.96
0.18 20.52
0.21 17.56
0.64 4.35
0.39 20.26
0.30 15.05
0.96 48.5
0.76 25.13
0.48 57.44
0.53 7.98
0.49 25.19
0.02 48.41
0.67 5.06
0.24 44.7
0.27 60.76
0.76 60.78
0.52 52.74
0.49 56.95
0.29 33.66
0.83 32.14
0.24 23.63
0.79 20.34
0.59 62.35
0.92 40.39
0.30 32.92
0.57 40.36
0.89 17.22
0.05 0.06
0.20 25.06
0.43 59.81
0.07 39.01
0.93 50.33
0.55 26.95
0.24 56.27
0.68 60.61
0.02 1.00
0.19 24.06
0.20 30.26
0.97 21.56
0.22 47.23
0.73 57.8
0.82 35.28
0.59 43.07
0.79 9.2
0.92 11.21
0.93 45.99
0.02 28.77
0.51 60.9
0.79 7.14
0.04 5.23
0.37 39.1
0.17 53.24
0.30 14.44
0.22 60.63
0.66 14.91
0.95 12.46
0.26 2.77
0.85 43.7
0.30 53.87
0.80 59.64
0.62 8.37
0.03 26.04
0.63 33.18
0.95 45.64
0.73 0.41
0.59 1.12
0.97 31.17
586 98.54
0.15 92.01
0.29 2.6
0.31 76.08
0.37 31.17
0.98 49.05
0.07 69.83
0.49 24.58
0.44 11.14
0.93 28.37
0.19 55.35
0.25 71.79
0.27 52.81
0.39 84.09
0.47 21.4
0.17 72.41
0.22 79.1
0.57 29.86
0.15 73.49
0.29 18.77
0.66 38.85
0.53 63.08
0.84 42.6
0.65 82.44
0.26 29.18
0.66 98.9
0.59 72.21
0.22 29.5
0.60 44.76
0.10 26.94
0.87 44.32
0.24 98.96
0.32 34.9
0.93 0.72
0.89 26.54
0.07 45.04
0.49 56.77
0.71 78.06
0.73 39.51
0.49 49.29
0.96 88.73
0.28 13.23
0.76 97.58
0.19 42.1
0.91 32.88
0.97 91.85
0.02 93.42
0.79 16.2
0.85 89.11
0.88 39.6
0.17 87.01
0.43 67.66
0.66 44.15
0.76 63.58
0.86 6.42
0.27 4.33
0.12 58.78
0.54 37.94
0.27 22.84
0.90 63.75
0.03 32.62
0.04 75.29
0.22 94.25
0.37 70.4
0.95 9.99
0.37 36.55
0.23 0.13
0.01 7.5
0.48 34.24
0.32 24.87
0.59 27.2
0.73 83.47
0.54 5.41
0.32 43.64
0.72 90.25
0.23 80.13
0.78 3.13
0.91 56.2
0.41 4.06
0.18 88.31
0.05 47.1
0.77 20.46
0.25 27.03
0.18 59.98
0.34 31.89
0.59 55.69
0.72 85.24
0.86 77.8
0.58 70.85
0.65 88.73
0.48 46.73
0.10 23.45
0.56 0.72
0.60 71.31
0.10 5.15
0.51 17.22
0.20 89.07
0.96 27.36
0.77 86.07
0.14 51.95
0.39 41.64
0.09 17.1
0.18 69.34
0.30 40.18
0.40 98.85
0.92 15.59
0.64 4.18
0.13 84.55
0.42 70.62
0.56 73.09
0.47 24.03
0.12 85.2
0.74 55.41
0.08 85.34
0.78 78.32
0.63 22.47
0.22 38.03
0.41 3.87
0.96 45.09
0.10 1.34
0.19 1.1
0.74 13.48
0.46 87.03
0.88 47.41
0.22 26.71
0.06 89.93
0.53 64.83
0.08 57.87
0.48 53.32
0.09 15.86
0.44 86.87
0.06 61.52
0.54 7.39
0.58 47.38
0.51 21.64
0.22 27.06
0.67 80.7
0.50 41.27
0.89 89.32
0.74 98.99
0.60 42.85
0.99 1.98
0.51 55.58
0.42 65.05
0.80 16.27
0.97 38.06
0.03 5.87
0.25 8.8
0.04 49.69
0.36 23.67
0.87 35.62
0.72 34.63
0.23 37.7
0.81 79.36
0.38 12.52
0.65 9.91
0.72 12.48
0.11 37.08
0.91 41.58
0.12 29.33
0.79 16.69
0.93 40.55
0.08 15.93
0.79 96.72
0.15 35.84
0.67 52.93
0.10 76.57
0.11 39.94
0.19 82.87
0.29 94.68
0.63 26.36
0.32 19.77
0.87 28.92
0.32 7.41
0.05 74.76
0.41 41.8
0.87 4.57
0.44 67.96
0.91 38.79
0.30 68.25
0.99 83.51
0.35 67.71
0.64 6.51
0.09 39.1
0.02 96.84
0.30 89.77
0.10 76.33
0.19 73.00
0.68 16.39
0.99 46.59
0.24 97.42
0.76 85.61
0.99 49.67
0.50 10.06
0.12 12.02
0.96 94.92
0.73 5.2
0.07 76.93
0.59 44.09
0.98 43.08
0.09 20.05
0.03 96.9
0.64 47.92
0.32 49.02
0.90 61.67
0.45 9.61
0.89 34.18
0.09 93.95
0.55 53.39
0.16 3.35
0.24 13.55
0.82 16.03
0.72 33.02
0.16 65.03
0.71 7.64
0.38 52.25
0.51 41.59
0.22 3.53
0.17 10.06
0.08 26.61
0.95 3.74
0.02 37.43
0.57 9.28
0.59 78.93
0.62 49.52
0.78 87.05
0.03 90.98
0.15 64.01
0.68 33.63
0.26 94.9
0.87 89.45
0.14 44.82
0.09 1.43
0.37 13.21
0.82 75.7
0.34 6.09
0.91 61.52
0.90 76.16
0.43 44.5
0.07 22.44
0.49 62.85
0.94 76.29
0.28 37.31
0.23 74.44
0.97 8.71
0.67 42.29
0.29 34.91
0.33 76.19
0.49 19.64
0.51 26.38
0.47 27.00
0.33 73.28
0.62 1.65
0.45 77.91
0.41 74.99
0.65 93.94
0.94 22.8
0.37 55.56
0.57 57.27
0.73 60.06
0.63 8.33
0.64 41.07
0.92 55.6
0.10 1.37
0.53 94.11
0.53 59.57
0.99 6.79
0.31 95.87
0.87 52.96
0.66 77.56
0.72 41.64
0.58 57.05
0.65 1.61
0.77 11.14
0.15 65.08
0.78 70.2
0.35 21.26
0.67 52.73
0.06 91.78
0.02 57.55
0.10 82.48
0.75 40.57
0.32 57.59
0.45 86.22
0.11 1.87
0.20 32.09
0.92 67.3
0.70 86.34
0.43 92.25
0.21 46.35
0.29 57.69
0.29 32.61
0.87 16.18
0.46 62.04
0.68 73.58
0.08 45.9
0.69 37.09
0.52 59.96
0.86 3.4
0.64 76.87
0.51 5.44
0.20 87.28
0.81 74.44
0.99 72.58
0.55 92.84
0.65 52.29
0.07 74.19
0.69 78.78
0.65 64.33
0.57 80.1
0.44 31.67
0.88 51.06
0.68 84.32
0.13 35.04
0.71 91.49
0.55 8.53
0.37 16.27
0.08 85.05
0.38 2.22
0.72 59.54
0.34 56.86
0.53 96.89
0.60 65.74
0.92 78.09
0.49 1.52
0.98 9.61
0.51 98.29
0.31 6.66
0.36 44.68
0.10 16.79
0.65 2.35
0.51 56.32
0.92 16.97
0.66 8.27
0.28 9.8
0.32 7.89
0.93 11.87
0.74 42.45
0.40 30.9
0.08 41.06
0.40 6.09
0.75 57.17
0.59 1.33
0.08 20.93
0.35 48.03
0.68 32.62
0.57 26.73
0.97 52.67
0.42 93.98
0.32 53.39
0.91 93.45
0.52 69.54
0.69 80.55
0.54 89.27
0.47 76.27
0.02 44.6
0.65 54.38
0.90 3.9
0.58 45.83
0.56 30.37
0.95 73.82
0.92 77.03
0.46 98.84
0.53 52.73
0.81 51.49
0.60 54.46
0.20 71.00
0.58 61.03
0.49 19.00
0.84 27.3
0.21 22.55
0.04 66.32
0.07 12.82
0.43 18.34
0.16 51.86
0.18 11.92
0.64 32.63
0.16 42.24
0.19 91.96
0.19 76.23
0.02 49.98
0.09 5.64
0.94 65.29
0.76 8.47
0.11 77.5
0.49 95.61
0.93 11.45
0.56 27.88
0.32 46.79
0.28 17.07
0.04 71.57
0.02 81.14
0.66 75.79
0.95 51.88
0.94 14.65
0.44 15.6
0.06 8.23
0.03 64.5
0.91 49.48
0.23 77.65
0.30 33.37
0.39 35.7
0.54 54.45
0.33 1.48
0.21 96.15
0.38 92.3
0.98 50.39
0.73 54.55
0.23 45.04
0.23 68.34
0.41 51.19
0.30 42.55
0.01 96.09
0.45 82.62
0.45 3.58
0.60 42.03
0.91 92.53
0.82 18.07
0.89 41.05
0.46 17.25
0.32 58.28
0.51 88.71
0.58 88.67
0.19 85.49
0.82 30.05
0.92 91.99
0.95 34.43
0.49 68.61
0.08 57.55
0.65 3.72
0.43 35.82
0.71 39.7
0.42 97.1
0.62 17.95
0.63 77.2
0.91 20.19
0.39 54.15
0.40 22.28
0.48 32.83
0.66 35.07
0.09 23.89
0.32 62.11
0.75 11.21
0.89 28.16
0.52 79.46
0.73 23.66
0.44 62.21
0.59 2.95
0.88 2.79
0.23 68.67
0.83 29.9
0.72 62.04
0.36 89.67
0.57 78.96
0.26 82.75
0.72 55.98
0.38 52.12
0.11 63.14
0.59 3.17
0.38 27.85
0.05 62.67
0.47 86.29
0.03 22.18
0.71 80.96
0.19 58.78
0.46 30.86
0.97 20.38
0.09 32.01
0.24 43.57
0.41 81.36
0.78 39.98
0.45 38.84
0.74 94.07
0.44 65.39
0.40 36.97
0.71 82.27
0.57 79.47
0.47 89.31
0.01 13.74
0.57 6.08
0.93 36.47
0.91 34.37
0.76 8.31
0.35 5.48
0.74 45.84
0.23 68.67
0.50 77.98
0.49 24.87
0.81 77.52
0.07 34.1
0.15 80.47
0.14 23.81
0.52 51.41
0.35 86.98
0.84 12.96
0.20 35.64
0.39 37.42
0.38 87.18
0.77 20.95
0.82 27.82
0.92 95.62
0.91 61.85
0.24 13.37
0.18 1.75
0.16 85.88
0.12 57.23
0.77 97.13
0.71 35.00
0.89 64.72
0.85 46.51
0.19 91.46
0.81 82.08
0.18 7.73
0.07 77.74
0.83 93.11
0.23 6.69
0.98 35.18
0.11 6.05
0.11 47.69
0.83 84.16
0.87 3.07
0.33 84.41
0.93 55.00
0.67 62.77
0.93 97.71
0.57 20.29
0.78 19.64
0.96 30.22
0.01 94.69
0.70 29.54
0.38 16.57
0.97 2.94
0.39 95.49
0.39 14.63
0.69 8.61
0.40 17.81
0.21 95.52
0.37 91.83
0.59 44.29
0.28 66.58
0.34 5.27
0.44 2.29
0.38 93.76
0.39 33.91
0.02 2.51
0.63 94.68
0.97 67.63
0.49 4.06
0.84 63.02
0.13 43.68
0.24 30.25
0.03 74.28
0.84 12.73
0.60 3.58
0.03 5.6
0.06 21.06
0.74 70.73
0.89 71.29
0.47 56.44
0.49 21.4
0.70 97.7
0.95 0.44
0.75 36.08
0.49 49.63
0.07 52.2
0.20 59.93
0.78 85.63
0.04 27.35
0.33 74.43
0.78 76.64
0.18 46.14
0.40 93.14
0.36 69.03
0.96 70.52
0.59 29.04
0.79 49.15
0.73 80.01
0.36 84.28
0.23 17.54
0.66 47.82
0.83 17.28
0.97 57.74
0.11 93.95
0.66 89.65
0.18 48.46
0.23 80.48
0.90 53.28
586 98.31
0.97 9.32
0.14 23.5
0.77 18.76
0.55 20.05
0.72 78.79
0.83 27.77
0.94 15.45
0.61 47.75
0.58 4.3
0.67 65.29
0.98 62.9
0.82 28.14
0.33 5.32
0.09 13.04
0.14 37.82
0.45 20.61
0.74 67.76
0.20 28.23
0.95 38.79
0.26 57.96
0.07 7.11
0.97 90.39
0.11 23.97
0.43 84.62
0.99 50.99
0.81 48.71
0.94 22.38
0.70 94.18
0.45 42.56
0.77 20.65
0.73 27.73
0.84 76.15
0.76 88.9
0.25 83.74
0.87 83.76
0.38 16.76
0.09 11.51
0.01 33.45
0.18 31.39
0.27 8.59
0.44 33.86
0.17 18.63
0.32 46.03
0.22 23.86
0.48 10.21
0.77 48.9
0.05 9.01
0.56 61.86
0.54 32.17
0.93 11.25
0.53 55.59
0.91 25.29
0.54 57.27
0.09 32.5
0.48 32.6
0.69 61.6
0.59 67.21
0.12 75.35
0.99 29.67
0.16 23.78
0.94 28.33
0.05 19.58
0.34 26.68
0.61 35.52
0.63 83.36
0.75 5.5
0.87 16.17
0.08 81.44
0.43 32.74
0.62 0.49
0.92 94.77
0.26 96.36
0.85 22.56
0.98 10.6
0.61 45.49
0.88 50.99
0.75 19.68
0.36 52.12
0.31 84.38
0.94 84.87
0.86 79.64
0.64 30.13
0.53 16.87
0.61 66.97
0.22 28.43
0.71 16.45
0.22 44.16
0.90 80.68
0.02 11.52
0.41 5.37
0.80 44.68
0.97 60.5
0.10 13.18
0.49 75.85
0.47 49.65
0.42 72.81
0.39 94.25
0.56 84.57
0.24 38.69
0.29 31.26
0.18 64.7
0.38 61.83
0.88 23.96
0.07 72.23
0.92 71.24
0.57 13.96
0.90 53.42
0.68 61.78
0.25 37.17
0.94 66.00
0.73 36.64
0.43 74.77
0.26 63.00
0.75 70.73
0.50 14.44
0.75 71.1
0.23 13.15
0.66 81.76
0.44 7.65
0.13 53.84
0.66 26.2
0.82 22.95
0.60 0.1
0.12 75.32
0.37 78.46
0.34 53.69
0.44 28.82
0.59 94.64
0.87 91.23
0.52 56.76
0.88 22.03
0.09 57.77
0.56 69.77
0.66 81.05
0.98 19.83
0.96 53.88
0.65 49.16
0.99 60.63
0.63 47.06
0.38 51.62
0.15 40.37
0.70 1.94
0.47 57.15
0.76 75.96
0.81 25.67
0.16 21.2
0.56 38.69
0.25 89.81
0.88 53.28
0.94 43.32
0.08 58.24
0.97 80.25
0.91 79.34
0.58 56.09
0.55 89.86
0.22 58.59
0.95 14.49
0.16 39.38
0.98 79.43
0.78 73.87
0.10 34.45
0.34 31.78
0.11 75.57
0.45 33.65
0.06 40.07
0.44 15.65
0.03 10.79
0.52 78.19
0.91 28.5
0.34 7.24
0.21 69.1
0.19 56.93
0.97 67.68
0.06 65.54
0.24 23.94
0.31 68.09
0.96 71.71
0.75 76.5
0.46 67.3
0.97 53.37
0.73 27.07
0.35 46.15
0.28 95.82
0.49 53.99
0.03 77.23
0.97 8.43
0.59 56.14
0.30 84.9
0.32 30.09
0.63 79.15
0.52 4.42
0.11 91.4
0.26 20.35
0.61 69.4
0.60 24.18
0.35 21.78
0.78 80.35
0.93 63.19
0.35 47.01
0.97 10.33
0.12 63.89
0.54 74.81
0.94 1.53
0.81 62.74
0.21 74.98
0.91 10.19
0.70 88.52
0.57 33.67
0.76 21.14
0.29 18.77
0.62 30.92
0.52 36.66
0.85 82.19
0.90 63.33
0.64 36.6
0.62 28.7
0.33 50.1
0.37 7.44
0.56 35.65
0.71 64.35
0.01 79.17
0.92 83.53
0.10 68.35
0.30 58.5
0.15 74.86
0.75 36.66
0.97 21.16
0.08 59.75
0.04 15.1
0.21 38.27
0.56 38.06
0.25 30.89
0.78 41.09
0.65 23.19
0.15 90.93
0.53 18.29
0.20 15.5
0.88 75.61
0.64 31.77
0.26 4.67
0.05 60.06
0.11 85.36
0.52 15.29
0.13 32.04
0.32 95.25
0.53 13.06
0.25 80.09
0.13 8.7
0.29 39.99
0.08 44.19
0.13 56.25
0.77 94.13
0.81 61.95
0.95 94.99
0.79 93.94
0.05 98.59
0.63 23.4
0.24 89.00
0.47 70.39
0.46 78.35
0.17 44.44
0.42 21.9
0.08 54.51
0.03 1.97
0.02 81.91
0.49 38.41
0.08 1.65
0.01 78.06
0.01 25.76
0.92 23.55
0.79 41.99
0.75 35.72
0.65 43.78
0.69 98.8
0.66 53.61
0.09 2.51
0.51 62.04
0.68 15.82
0.74 67.07
0.50 11.31
0.57 91.72
0.08 66.07
0.80 84.03
0.11 53.01
0.91 19.54
0.04 29.08
0.55 32.23
0.59 0.38
0.42 74.05
0.49 76.17
0.32 34.6
0.04 42.78
0.64 75.62
0.67 86.15
0.68 29.87
0.75 33.68
0.83 40.00
0.06 51.52
0.44 93.26
0.02 95.02
0.71 27.88
0.31 84.31
0.09 48.06
0.24 15.44
0.91 35.73
0.78 10.58
0.98 94.98
0.50 52.49
0.02 49.95
0.80 51.42
0.35 74.69
0.23 5.05
0.54 66.53
0.12 42.2
0.56 34.56
0.81 64.66
0.39 63.12
0.89 65.65
0.39 68.66
0.86 0.69
0.28 35.43
0.97 11.00
0.55 17.66
0.08 30.09
0.81 38.95
0.37 72.59
0.55 11.74
0.20 1.4
0.37 92.6
0.03 78.6
0.72 6.48
0.15 55.59
0.67 62.76
0.85 71.58
0.46 4.49
0.41 93.21
0.01 48.84
0.27 20.37
0.67 57.81
0.27 60.59
0.88 84.17
0.88 51.25
0.47 18.87
0.75 4.1
0.34 50.66
0.35 92.59
0.56 45.08
0.92 72.8
0.30 92.38
0.11 19.5
0.23 59.35
0.92 47.86
0.17 46.05
0.57 22.61
0.19 8.11
0.86 43.55
0.45 51.52
0.05 43.25
0.86 25.17
0.76 37.88
0.26 60.00
0.61 4.47
0.01 74.46
0.57 31.68
0.18 2.28
0.81 40.71
0.37 38.74
0.89 43.69
0.66 81.95
0.35 9.32
0.24 36.44
0.24 97.48
0.23 49.22
0.69 6.05
0.89 24.6
0.17 6.00
0.88 95.38
0.14 36.34
0.84 3.67
0.79 38.77
0.63 14.13
0.07 90.62
0.07 14.12
0.82 83.18
0.39 73.95
0.99 90.01
0.01 31.48
0.90 45.84
0.24 29.87
0.92 60.78
0.69 23.44
0.34 30.35
0.96 90.49
0.60 24.84
0.79 63.09
0.74 63.52
0.27 15.83
0.75 5.8
0.59 82.62
0.99 74.22
0.29 95.46
0.73 29.28
0.08 77.7
0.09 38.94
0.94 69.58
0.55 95.73
0.07 22.88
0.90 49.45
0.23 8.79
0.85 59.53
0.59 40.00
0.57 14.81
0.86 74.59
0.56 36.49
0.03 30.18
0.61 37.13
0.86 45.87
0.26 87.36
0.71 10.96
0.51 47.56
0.56 59.96
0.09 16.62
0.90 54.89
0.01 11.25
0.02 66.07
0.72 27.44
0.85 13.89
0.24 39.77
0.60 62.39
0.09 65.87
0.65 74.98
0.13 83.14
0.28 25.69
0.17 79.32
0.42 81.98
0.01 54.77
0.45 91.42
0.35 16.33
0.64 28.95
0.03 37.13
0.42 54.87
0.40 20.22
0.07 48.47
0.76 17.78
0.60 11.6
0.58 12.14
0.87 57.57
0.29 44.73
0.62 8.54
0.09 64.91
0.22 58.98
0.61 51.18
0.83 58.18
0.83 86.35
0.61 46.46
0.73 56.58
0.39 43.67
0.97 72.12
0.22 34.72
0.76 43.88
0.20 18.47
0.18 31.98
0.88 67.08
0.06 50.94
0.41 63.4
0.39 89.96
0.97 28.39
0.16 25.63
0.28 48.49
0.53 24.44
0.41 96.62
0.40 14.94
0.38 54.61
0.46 60.63
0.92 53.78
0.32 92.67
0.80 41.96
0.71 58.73
0.34 38.21
0.83 91.98
0.28 85.46
0.42 25.61
0.88 16.15
0.49 14.28
0.64 7.81
0.43 91.74
0.62 72.15
0.10 95.25
0.84 30.64
0.57 65.07
0.07 45.44
0.54 88.7
0.67 76.38
0.34 78.04
0.62 94.11
0.96 89.55
0.70 52.79
0.37 14.74
0.63 98.56
0.79 8.22
0.86 15.67
0.31 21.07
0.53 88.36
0.91 23.14
0.47 37.08
0.11 33.98
0.66 55.02
0.97 93.16
0.71 8.67
0.28 87.75
0.02 73.42
0.21 56.64
0.81 9.52
0.17 52.27
0.83 0.17
0.91 63.5
0.41 29.58
0.95 26.03
0.12 49.11
0.31 29.5
0.06 31.23
0.48 5.32
0.64 86.41
0.17 55.46
0.96 38.98
0.13 29.61
0.16 23.42
0.26 70.2
0.29 34.69
0.40 65.99
0.90 71.82
0.65 72.87
0.49 36.25
0.43 5.8
0.89 54.18
0.87 19.00
0.01 35.75
0.42 61.45
0.62 42.8
0.31 82.45
0.82 24.69
0.17 42.93
0.56 43.81
0.82 86.87
0.14 75.93
0.85 14.12
0.85 14.48
0.12 8.61
0.57 70.04
0.89 54.38
0.35 88.15
0.56 5.09
0.49 62.52
0.30 96.39
0.69 10.66
0.62 95.33
0.75 32.99
0.75 44.08
0.88 2.3
0.92 43.36
0.83 30.25
0.98 86.82
0.59 87.44
0.11 70.92
0.02 91.03
0.21 54.5
0.54 81.83
0.53 8.27
0.13 96.81
0.44 41.25
0.80 24.55
0.57 74.94
0.40 33.81
0.36 96.03
0.29 51.95
0.84 72.01
0.34 78.34
0.69 83.42
0.49 97.9
0.30 41.31
0.07 73.07
0.15 83.81
0.61 75.66
0.94 11.15
0.98 92.18
0.45 28.42
586 40.42
0.06 13.01
0.98 10.35
0.28 29.86
0.55 17.99
0.93 40.89
0.52 25.58
0.38 1.2
0.61 1.64
0.82 40.21
0.48 29.00
0.88 0.3
0.29 40.71
0.33 18.29
0.23 30.43
0.30 20.32
0.15 24.37
0.02 18.6
0.61 0.12
0.01 20.58
0.86 20.88
0.16 13.59
0.01 40.25
0.52 22.2
0.82 40.66
0.89 1.09
0.90 14.61
0.03 15.29
0.23 25.15
0.43 8.24
0.37 16.62
0.43 5.22
0.87 35.23
0.97 25.38
0.58 28.05
0.39 3.31
0.07 7.73
0.79 32.24
0.72 38.64
0.94 27.62
0.96 5.56
0.01 36.55
0.42 26.54
0.74 5.43
0.27 30.99
0.67 5.32
0.69 21.78
0.13 28.28
0.92 32.68
0.84 39.62
0.14 15.62
0.25 10.41
0.07 9.6
0.38 7.39
0.23 3.64
0.11 31.11
0.64 3.65
0.62 11.67
0.60 21.6
0.67 20.05
0.49 17.12
0.89 40.84
0.57 0.2
0.74 32.31
0.90 35.78
0.94 1.92
0.38 6.75
0.50 26.87
0.23 38.54
0.06 11.12
0.56 28.24
0.97 20.61
0.06 15.61
0.26 32.33
0.87 16.92
0.07 18.7
0.94 9.48
0.48 0.37
0.53 20.5
0.59 37.8
0.09 12.42
0.34 28.66
0.59 29.95
0.67 23.56
0.67 24.28
0.80 28.69
0.86 0.19
0.45 35.67
0.43 32.37
0.15 17.81
0.85 6.15
0.37 25.9
0.93 14.21
0.25 1.17
0.78 7.95
0.47 2.96
0.03 2.7
0.81 28.61
0.74 22.96
0.96 37.16
0.51 6.5
0.61 9.94
0.15 27.95
0.41 20.68
0.01 18.5
0.45 34.52
0.40 30.15
0.42 18.63
0.07 24.13
0.20 36.66
0.38 4.79
0.91 26.22
0.39 25.36
0.80 13.7
0.32 5.01
0.48 11.55
0.48 34.88
0.64 0.27
0.47 18.03
0.90 10.3
0.65 1.75
0.90 38.07
0.03 8.4
0.61 9.33
0.51 16.81
0.80 15.69
0.08 8.78
0.14 11.68
0.76 33.78
0.68 16.76
0.31 38.56
0.01 17.04
0.40 9.22
0.38 5.3
0.16 36.00
0.87 28.22
0.52 20.6
0.60 19.91
0.39 11.05
0.10 29.62
0.16 1.56
0.53 1.43
0.75 31.51
0.72 35.01
0.99 12.99
0.47 26.98
0.84 14.37
0.96 19.9
0.92 21.43
0.19 31.72
0.02 14.7
0.44 34.48
0.75 19.00
0.62 28.2
0.84 23.67
0.23 25.38
0.21 39.6
0.17 1.52
0.01 28.85
0.99 11.45
0.47 9.38
0.95 36.24
0.62 40.51
0.10 1.38
0.41 6.71
0.79 34.76
0.04 16.22
0.14 7.17
0.09 5.33
0.58 9.95
0.70 5.48
0.84 38.25
0.12 18.04
0.50 39.78
0.32 7.01
0.46 28.41
0.73 6.5
0.21 37.66
0.24 19.55
0.97 28.78
0.20 35.79
0.28 37.3
0.82 11.15
0.98 10.62
0.70 17.12
0.87 18.15
0.28 38.18
0.14 3.66
0.29 9.79
0.07 25.77
0.69 39.47
0.87 14.69
0.53 24.57
0.85 12.24
0.41 15.42
0.71 12.52
0.02 29.79
0.93 19.44
0.31 10.52
0.63 5.11
0.87 14.97
0.60 11.4
0.84 34.04
0.36 36.27
0.17 20.86
0.46 0.57
0.42 15.05
0.35 10.99
0.65 24.96
0.77 2.83
0.28 14.98
0.56 2.25
0.74 22.46
0.12 34.36
0.68 21.14
0.30 20.31
0.06 16.09
0.47 34.63
0.31 14.57
0.99 7.83
0.80 33.57
0.78 29.67
0.41 5.01
0.49 34.3
0.07 38.42
0.74 0.52
0.69 33.88
0.71 33.65
0.27 38.19
0.28 23.11
0.08 38.56
0.87 28.5
0.13 21.8
0.99 9.51
0.47 4.87
0.80 14.7
0.89 34.22
0.71 9.33
0.79 10.79
0.69 18.18
0.98 31.5
0.71 23.51
0.99 32.55
0.99 9.5
0.47 3.36
0.70 5.59
0.86 4.73
0.97 39.82
0.27 38.7
0.21 18.29
0.30 20.28
0.34 8.5
0.60 5.06
0.66 11.76
0.91 6.43
0.83 24.14
0.48 0.56
0.03 12.13
0.61 29.54
0.71 3.89
0.17 30.28
0.20 21.63
0.40 26.75
0.19 36.69
0.79 5.45
0.82 22.89
0.65 2.61
0.38 17.01
0.85 27.55
0.74 33.5
0.65 12.34
0.92 3.83
0.80 24.14
0.23 17.2
0.68 9.17
0.97 14.71
0.40 9.71
0.19 16.97
0.13 30.13
0.85 22.68
0.21 2.45
0.35 25.14
0.07 2.55
0.83 1.31
0.74 24.03
0.42 22.16
0.44 20.78
0.80 23.67
0.52 37.75
0.98 4.77
0.05 39.28
0.35 30.93
0.37 14.2
0.61 17.62
0.35 6.09
0.83 16.2
0.55 29.69
0.19 6.94
0.79 23.37
0.02 15.79
0.10 0.86
0.71 35.54
0.43 0.95
0.20 15.01
0.27 33.9
0.85 22.44
0.36 28.33
0.08 27.98
0.83 16.69
0.82 12.73
0.22 8.93
0.91 23.46
0.70 36.31
0.60 21.53
0.56 10.52
0.85 5.4
0.61 40.62
0.74 13.84
0.82 27.57
0.04 10.67
0.93 5.67
0.66 26.38
0.45 30.06
0.23 32.88
0.76 3.53
0.21 36.81
0.17 33.41
0.39 8.92
0.78 37.14
0.29 21.28
0.30 5.22
0.31 10.43
0.74 25.83
0.63 7.52
0.45 1.28
0.75 17.89
0.81 13.3
0.54 4.39
0.89 13.72
0.72 7.49
0.37 24.68
0.42 9.75
0.06 40.3
0.51 0.86
0.43 14.73
0.13 13.23
0.04 0.34
0.81 37.29
0.74 31.05
0.45 38.18
0.04 17.18
0.26 26.78
0.31 15.6
0.06 13.01
0.20 22.14
0.50 23.19
0.85 23.38
0.89 7.08
0.71 12.42
0.48 8.49
0.31 34.04
0.58 5.51
0.34 24.37
0.28 0.27
0.69 34.77
0.68 21.3
0.29 39.71
0.79 33.75
0.78 34.84
0.41 30.48
0.12 17.09
0.44 3.69
0.23 19.99
0.15 37.34
0.63 13.13
0.53 19.09
0.77 19.22
0.87 31.87
0.61 31.88
0.94 30.72
0.35 0.3
0.41 36.65
0.59 1.92
0.66 22.87
0.49 6.83
0.10 35.71
0.76 5.11
0.94 26.99
0.25 24.35
0.90 35.89
0.82 1.11
0.70 4.5
0.19 10.33
0.81 21.13
0.07 33.67
0.85 10.46
0.07 32.49
0.33 36.99
0.52 6.1
0.01 6.74
0.27 10.73
0.09 1.53
0.61 12.99
0.68 0.02
0.33 0.06
0.32 37.92
0.88 15.36
0.27 24.78
0.20 39.37
0.51 25.34
0.19 29.73
0.06 38.86
0.21 13.79
0.99 0.76
0.86 16.73
0.53 18.73
0.21 15.00
0.98 1.19
0.63 30.45
0.69 20.31
0.42 25.46
0.76 14.99
0.05 0.15
0.78 5.43
0.96 31.16
0.63 31.14
0.64 3.29
0.46 12.28
0.66 10.69
0.44 7.03
0.10 22.81
0.16 17.77
0.47 33.92
0.30 33.8
0.02 30.2
0.13 32.41
0.93 37.51
0.61 16.58
0.33 26.02
0.26 25.36
0.18 26.41
0.68 28.22
0.50 25.32
0.81 19.27
0.44 8.3
0.57 14.73
0.22 0.17
0.64 18.24
0.51 24.88
0.22 24.27
0.99 8.08
0.18 35.52
0.27 35.06
0.86 8.93
0.07 8.1
0.71 34.75
0.74 0.98
0.98 40.2
0.74 20.83
0.76 4.94
0.28 5.25
0.89 28.95
0.83 2.47
0.82 26.14
0.82 38.25
0.57 26.03
0.81 24.63
0.90 4.58
0.25 6.57
0.07 11.44
0.14 5.33
0.61 5.47
0.38 17.54
0.20 18.62
0.49 28.88
0.08 19.3
0.61 33.54
0.20 15.19
0.82 21.66
0.72 33.24
0.32 28.23
0.82 36.09
0.82 8.91
0.43 17.05
0.11 36.87
0.84 11.00
0.77 34.01
0.55 19.84
0.82 23.61
0.12 0.11
0.03 8.68
0.99 10.45
0.52 33.31
0.54 2.9
0.41 21.74
0.23 40.65
0.76 33.25
0.96 33.65
0.44 30.92
0.06 27.45
0.40 6.53
0.22 26.96
0.23 31.88
0.40 7.42
0.70 36.58
0.55 0.47
0.72 3.56
0.09 14.12
0.27 17.5
0.72 26.87
0.87 34.29
0.10 22.39
0.65 18.84
0.66 14.61
0.31 17.18
0.92 40.28
0.96 27.67
0.82 8.77
0.05 13.73
0.61 27.87
0.44 5.02
0.20 40.11
0.38 19.79
0.21 8.26
0.28 3.67
0.22 16.93
0.35 32.31
0.41 34.17
0.60 37.89
0.59 20.31
0.51 32.22
0.71 31.75
0.40 5.43
0.85 17.24
0.80 30.07
0.10 2.39
0.62 13.85
0.49 8.88
0.73 0.73
0.76 21.83
0.28 15.87
0.94 12.53
0.62 20.64
0.64 11.78
0.03 24.15
0.52 17.26
0.29 25.49
0.76 8.3
0.74 17.2
0.30 27.68
0.29 30.44
0.44 35.8
0.51 19.89
0.12 19.38
0.06 10.36
0.37 0.04
0.23 1.13
0.97 30.07
0.85 26.78
0.09 16.85
0.79 26.76
0.74 31.00
0.05 24.54
0.16 24.55
0.30 22.38
0.89 4.2
0.37 35.29
0.34 3.45
0.71 26.71
0.92 26.76
0.99 31.96
0.75 12.00
0.93 31.36
0.85 22.23
0.85 8.26
0.83 33.76
0.74 11.47
0.18 17.21
0.23 5.82
0.19 4.76
0.26 30.47
0.65 32.93
0.17 35.33
0.19 7.43
0.97 18.31
0.42 23.13
0.13 12.84
586 77.69
0.84 65.08
0.56 9.55
0.29 48.16
0.81 64.34
0.07 13.18
0.47 4.01
0.66 60.43
0.92 24.29
0.10 41.21
0.75 70.9
0.12 51.68
0.97 6.5
0.97 74.31
0.89 17.96
0.04 8.88
0.61 20.83
0.05 44.13
0.68 37.34
0.43 60.76
0.55 47.27
0.24 26.46
0.60 9.35
0.51 26.83
0.07 65.3
0.67 5.43
0.87 48.84
0.53 16.73
0.39 12.33
0.16 19.33
0.95 33.21
0.27 46.3
0.14 49.08
0.97 56.25
0.79 23.3
0.22 10.71
0.71 46.76
0.39 20.16
0.03 5.84
0.23 31.7
0.72 65.92
0.99 11.74
0.66 60.83
0.15 16.08
0.95 39.91
0.17 1.14
0.40 48.9
0.32 68.58
0.35 25.94
0.10 16.26
0.81 25.39
0.54 5.66
0.82 21.82
0.43 16.73
0.86 26.00
0.26 74.42
0.10 53.97
0.20 47.08
0.36 25.41
0.76 16.66
0.15 22.65
0.73 0.94
0.22 43.62
0.47 74.33
0.25 0.75
0.87 47.8
0.85 19.28
0.93 7.53
0.34 22.52
0.50 17.75
0.85 17.69
0.59 12.83
0.07 33.26
0.60 54.48
0.84 3.14
0.78 62.2
0.64 45.94
0.16 48.9
0.85 23.27
0.55 45.87
0.19 46.13
0.15 31.91
0.76 68.97
0.76 53.84
0.61 8.5
0.91 71.22
0.07 68.16
0.75 68.59
0.12 38.67
0.89 77.87
0.21 75.52
0.37 6.95
0.65 27.93
0.93 29.06
0.88 11.54
0.56 70.83
0.48 72.63
0.33 49.02
0.55 25.54
0.44 49.09
0.10 2.42
0.23 8.83
0.55 57.94
0.09 65.74
0.31 0.23
0.65 15.37
0.10 1.86
0.12 56.63
0.18 52.47
0.20 61.09
0.14 15.52
0.90 75.35
0.45 29.06
0.01 56.37
0.01 54.96
0.46 59.47
0.30 23.55
0.93 42.07
0.92 62.2
0.02 28.87
0.06 18.14
0.93 15.5
0.22 73.51
0.30 11.52
0.61 17.01
0.08 9.12
0.07 39.35
0.15 77.74
0.77 47.31
0.20 34.37
0.90 1.3
0.06 51.04
0.79 55.35
0.42 59.96
0.60 60.56
0.21 24.16
0.12 60.83
0.96 37.57
0.73 56.04
0.01 43.93
0.91 44.23
0.49 28.81
0.02 15.23
0.62 11.35
0.22 20.08
0.99 36.2
0.59 71.17
0.48 28.42
0.29 30.28
0.92 74.24
0.68 23.71
0.48 56.74
0.63 36.26
0.67 10.98
0.76 9.86
0.48 68.57
0.65 17.38
0.60 23.11
0.81 3.55
0.55 23.3
0.50 23.87
0.24 38.19
0.12 65.38
0.23 15.66
0.32 2.15
0.53 11.32
0.22 49.44
0.20 24.55
0.53 11.08
0.58 9.1
0.30 48.01
0.98 65.39
0.73 58.05
0.35 73.1
0.46 5.32
0.96 2.05
0.20 57.58
0.01 20.19
0.10 7.62
0.19 69.44
0.57 17.45
0.55 35.36
0.28 68.94
0.85 3.19
0.96 1.77
0.80 37.7
0.36 22.57
0.67 32.16
0.29 4.85
0.73 61.54
0.70 16.41
0.06 9.53
0.81 12.72
0.29 66.01
0.62 63.8
0.99 69.47
0.07 14.92
0.94 31.2
0.57 25.27
0.49 21.88
0.54 54.53
0.26 36.19
0.28 60.49
0.20 29.97
0.27 7.63
0.19 1.11
0.15 24.7
0.74 49.49
0.75 22.37
0.29 77.9
0.07 65.61
0.87 15.96
0.48 64.16
0.77 13.95
0.37 29.15
0.90 40.82
0.75 23.59
0.97 49.08
0.46 76.31
0.35 5.6
0.78 13.25
0.39 52.4
0.35 0.56
0.03 30.7
0.99 67.51
0.66 57.43
0.01 32.66
0.59 29.68
0.68 27.44
0.51 63.02
0.11 67.88
0.84 19.8
0.20 20.36
0.23 2.58
0.74 69.61
0.40 26.04
0.41 11.23
0.01 40.91
0.20 20.87
0.71 35.89
0.34 28.56
0.74 12.76
0.06 48.95
0.60 50.53
0.34 71.67
0.27 71.68
0.60 20.53
0.85 41.73
0.73 64.08
0.62 51.88
0.71 25.00
0.47 32.37
0.47 27.49
0.97 32.83
0.68 10.17
0.23 30.78
0.17 51.83
0.55 56.8
0.56 16.42
0.59 4.65
0.85 56.12
0.69 45.11
0.48 8.8
0.30 28.32
0.40 46.55
0.23 76.72
0.74 11.79
0.18 19.59
0.74 35.54
0.86 19.71
0.99 40.91
0.56 20.73
0.84 4.66
0.82 11.89
0.10 63.21
0.15 75.07
0.79 29.93
0.22 48.16
0.22 8.71
0.80 48.62
0.88 21.36
0.72 77.54
0.07 43.69
0.25 6.43
0.40 39.35
0.15 46.15
0.96 37.97
0.08 11.81
0.69 13.17
0.97 1.9
0.85 26.68
0.39 57.82
0.54 40.49
0.22 31.85
0.90 29.52
0.86 21.41
0.83 53.17
0.51 30.2
0.84 63.21
0.62 12.47
0.40 46.53
0.74 38.03
0.48 69.4
0.38 77.72
0.33 12.54
0.38 29.57
0.26 12.3
0.62 36.1
0.76 48.57
0.68 62.42
0.33 65.9
0.55 57.81
0.54 49.58
0.26 35.7
0.33 73.52
0.42 64.72
0.62 12.17
0.50 22.45
0.98 31.13
0.45 45.07
0.31 11.5
0.86 20.31
0.92 70.41
0.70 5.63
0.55 67.98
0.30 31.7
0.44 40.94
0.69 44.00
0.99 6.21
0.61 8.59
0.81 51.51
0.32 73.08
0.48 29.39
0.15 27.69
0.99 49.65
0.46 59.16
0.75 3.68
0.26 45.66
0.84 66.27
0.93 77.09
0.84 12.69
0.54 21.69
0.83 12.84
0.62 33.35
0.11 53.09
0.50 64.7
0.06 10.37
0.90 28.16
0.35 6.25
0.20 41.92
0.11 10.27
0.75 46.89
0.08 34.53
0.06 68.58
0.15 18.38
0.79 44.41
0.77 70.94
0.22 76.71
0.94 14.61
0.35 7.24
0.97 34.99
0.43 76.07
0.29 65.97
0.39 67.77
0.12 56.21
0.53 59.75
0.79 33.03
0.03 27.18
0.64 14.77
0.89 11.63
0.88 7.39
0.48 20.13
0.86 59.46
0.53 10.61
0.61 15.99
0.21 54.94
0.81 34.64
0.98 48.93
0.87 12.57
0.27 71.48
0.27 59.69
0.41 39.03
0.69 1.64
0.30 16.63
0.03 59.94
0.58 6.27
0.92 70.25
0.92 64.64
0.56 73.92
0.79 21.71
0.39 12.88
0.23 3.91
0.44 4.56
0.74 73.71
0.30 32.17
0.88 38.45
0.32 61.22
0.76 25.87
0.33 50.79
0.12 71.02
0.03 62.15
0.92 37.7
0.35 27.43
0.07 0.15
0.37 32.84
0.25 71.29
0.09 52.38
0.61 39.71
0.11 70.35
0.82 72.91
0.96 39.35
0.33 62.7
0.14 14.22
0.89 11.21
0.65 37.44
0.47 28.51
0.36 42.59
0.01 64.47
0.35 38.31
0.28 25.65
0.42 31.31
0.61 5.72
0.42 17.93
0.60 6.9
0.07 4.7
0.58 12.00
0.52 12.64
0.51 47.52
0.89 31.32
0.14 26.62
0.79 57.23
0.85 29.18
0.54 75.78
0.60 17.37
0.16 61.99
0.47 66.64
0.63 17.63
0.67 59.94
0.52 25.42
0.78 74.88
0.63 59.69
0.81 65.96
0.11 77.13
0.48 45.53
0.95 7.04
0.94 73.68
0.57 42.84
0.76 1.3
0.80 27.73
0.11 66.47
0.99 29.58
0.20 62.75
0.17 73.52
0.82 21.97
0.35 68.04
0.92 62.29
0.60 71.72
0.96 48.25
0.27 4.52
0.91 71.51
0.42 52.09
0.63 67.84
0.32 40.36
0.14 14.85
0.02 45.71
0.06 16.43
0.03 16.69
0.82 73.34
0.88 1.46
0.46 68.82
0.78 8.18
0.44 74.55
0.46 57.97
0.40 54.69
0.99 22.12
0.02 39.33
0.36 59.7
0.28 7.07
0.11 8.53
0.57 76.35
0.87 5.32
0.11 60.3
0.68 58.23
0.74 27.22
0.97 76.36
0.77 12.76
0.88 4.95
0.89 68.04
0.94 77.8
0.29 65.17
0.86 49.29
0.46 49.56
0.02 24.35
0.24 21.79
0.01 9.56
0.64 46.41
0.91 9.95
0.33 28.14
0.04 0.53
0.78 28.55
0.87 4.43
0.63 77.22
0.16 30.8
0.23 16.69
0.18 26.17
0.52 65.97
0.66 21.94
0.19 74.25
0.18 58.05
0.25 9.68
0.13 38.42
0.29 24.24
0.61 2.92
0.15 24.63
0.93 41.15
0.10 33.31
0.84 4.57
0.61 22.68
0.66 0.65
0.27 20.78
0.65 15.59
0.41 73.4
0.94 17.08
0.70 53.11
0.47 16.53
0.33 47.37
0.37 5.51
0.12 73.17
0.12 45.32
0.21 62.47
0.32 4.39
0.57 75.56
0.07 55.1
0.70 3.78
0.23 36.25
0.12 73.82
0.63 7.81
0.49 50.78
0.82 71.92
0.81 55.96
0.72 13.45
0.09 1.16
0.43 63.86
0.46 41.09
0.34 19.22
0.08 53.37
0.45 61.18
0.95 11.48
0.29 34.41
0.62 2.86
0.48 42.88
0.65 3.03
0.84 65.19
0.16 39.79
0.69 76.24
0.82 71.45
0.95 52.79
0.88 15.21
0.30 2.23
0.16 50.18
0.56 67.04
0.60 23.4
0.09 11.25
0.27 46.03
0.67 50.9
0.26 43.58
0.86 10.79
0.16 64.02
0.85 66.2
0.41 34.76
0.53 57.17
0.62 28.87
0.24 71.86
0.79 19.3
0.80 45.28
0.23 3.66
0.33 35.97
0.37 20.64
0.09 13.5
0.38 67.59
0.07 29.56
0.87 17.32
0.58 55.11
0.48 74.93
0.29 71.73
0.04 27.4
0.90 61.27
