693 66.46
0.40 3.89
0.47 50.49
0.06 33.46
0.75 23.78
0.40 24.47
0.55 3.89
0.15 25.06
0.35 50.98
0.01 57.37
0.38 59.87
0.96 25.61
0.02 18.46
0.45 22.93
0.99 10.96
0.40 25.21
0.47 13.72
0.97 66.2
0.88 23.58
0.26 22.26
0.34 46.52
0.95 48.7
0.94 14.16
0.87 13.78
0.35 53.56
0.09 0.69
0.81 53.86
0.11 63.64
0.93 12.86
0.72 47.33
0.24 42.81
0.46 27.6
0.05 66.25
0.35 2.3
0.91 11.83
0.12 44.81
0.01 49.19
0.63 65.83
0.56 54.04
0.71 2.59
0.15 14.16
0.34 52.88
0.22 5.08
0.95 38.6
0.96 57.23
0.61 31.91
0.13 12.67
0.68 38.08
0.23 37.14
0.09 29.18
0.97 3.14
0.48 8.74
0.95 46.86
0.92 55.09
0.53 44.64
0.04 64.32
0.25 2.92
0.48 52.68
0.37 19.29
0.66 37.79
0.21 3.79
0.29 29.75
0.27 15.67
0.82 24.72
0.81 17.69
0.46 33.3
0.98 40.43
0.36 59.72
0.54 48.03
0.76 4.83
0.05 33.58
0.33 49.77
0.67 25.01
0.01 42.7
0.99 55.81
0.18 56.17
0.35 53.46
0.24 7.46
0.27 50.62
0.41 36.2
0.26 10.51
0.94 5.21
0.93 25.29
0.27 43.24
0.83 60.11
0.35 13.09
0.11 7.9
0.56 10.53
0.49 46.73
0.75 31.23
0.69 15.5
0.47 61.75
0.28 19.04
0.71 15.58
0.45 18.84
0.60 26.94
0.13 38.03
0.23 13.24
0.68 19.87
0.53 15.93
0.65 20.16
0.97 42.16
0.44 12.52
0.56 38.98
0.21 66.9
0.60 22.65
0.73 46.33
0.13 38.04
0.52 43.51
0.19 36.16
0.91 53.13
0.79 7.47
0.76 19.99
0.33 10.97
0.06 28.87
0.66 50.04
0.92 37.57
0.87 9.31
0.45 28.19
0.61 20.24
0.27 51.04
0.34 6.97
0.66 46.72
0.96 47.89
0.35 1.66
0.17 29.86
0.31 49.1
0.10 0.67
0.96 50.48
0.02 47.66
0.70 45.9
0.19 30.33
0.66 19.68
0.14 60.49
0.22 61.16
0.92 43.02
0.23 44.64
0.85 31.81
0.47 31.36
0.47 49.58
0.92 23.25
0.95 42.46
0.09 6.59
0.15 20.27
0.07 15.81
0.82 59.45
0.19 56.29
0.01 4.6
0.88 3.62
0.99 54.28
0.70 31.24
0.65 57.36
0.96 24.56
0.23 23.56
0.17 2.36
0.91 47.43
0.77 50.57
0.76 11.05
0.68 43.81
0.33 20.18
0.42 8.15
0.67 64.9
0.02 39.47
0.20 22.01
0.56 13.84
0.45 60.79
0.75 62.37
0.03 59.48
0.60 27.43
0.41 60.16
0.12 3.24
0.27 22.41
0.69 24.8
0.16 44.54
0.17 53.19
0.01 33.25
0.93 29.53
0.70 66.83
0.93 48.58
0.74 22.99
0.43 46.32
0.60 43.86
0.29 58.83
0.46 16.72
0.83 53.36
0.08 42.68
0.74 13.08
0.24 13.67
0.98 35.18
0.94 50.54
0.25 35.73
0.47 18.19
0.36 34.43
0.71 59.33
0.91 28.07
0.68 16.45
0.07 35.43
0.42 53.89
0.76 56.43
0.01 31.26
0.96 49.46
0.32 36.89
0.56 60.86
0.15 29.95
0.53 21.42
0.96 56.38
0.90 61.27
0.67 17.23
0.20 66.06
0.47 62.55
0.45 47.43
0.34 3.56
0.72 18.01
0.01 14.06
0.51 55.27
0.45 51.35
0.83 49.63
0.60 18.38
0.33 44.8
0.47 51.25
0.94 47.11
0.49 3.36
0.68 4.37
0.34 11.4
0.89 21.85
0.27 36.98
0.45 31.82
0.18 11.3
0.22 26.72
0.35 46.28
0.25 32.91
0.65 21.82
0.03 13.12
0.25 50.39
0.61 48.36
0.36 31.19
0.06 1.28
0.82 29.97
0.34 7.21
0.21 5.5
0.46 37.41
0.64 58.75
0.67 23.87
0.92 26.78
0.06 15.94
0.58 0.52
0.39 30.21
0.76 52.42
0.81 54.41
0.19 47.05
0.29 23.24
0.05 62.17
0.31 41.75
0.05 56.69
0.15 21.68
0.33 2.55
0.01 33.28
0.29 37.22
0.63 63.34
0.38 20.15
0.13 45.2
0.76 14.51
0.17 9.25
0.10 24.71
0.31 44.04
0.34 51.57
0.19 39.08
0.54 54.51
0.17 41.38
0.55 55.35
0.76 49.27
0.52 29.00
0.13 0.31
0.57 56.17
0.61 13.88
0.92 4.96
0.46 58.99
0.64 41.54
0.54 30.31
0.90 9.83
0.32 64.32
0.63 64.15
0.72 20.85
0.33 26.9
0.22 48.21
0.88 62.42
0.53 10.83
0.35 41.25
0.44 57.94
0.40 41.57
0.56 57.3
0.76 42.63
0.14 41.04
0.89 66.04
0.63 54.03
0.25 49.08
0.36 43.29
0.10 58.19
0.34 61.92
0.55 22.83
0.64 37.97
0.83 31.53
0.73 10.36
0.03 65.13
0.52 1.37
0.17 31.99
0.57 18.92
0.39 31.36
0.46 53.1
0.30 53.3
0.33 26.79
0.95 14.83
0.60 35.34
0.81 24.52
0.64 23.61
0.05 5.44
0.77 41.91
0.31 51.73
0.01 51.52
0.53 37.31
0.61 44.45
0.77 31.79
0.58 56.83
0.74 31.97
0.79 25.02
0.23 3.44
0.66 38.46
0.96 25.89
0.15 2.2
0.94 12.76
0.30 60.27
0.65 29.4
0.40 25.59
0.26 21.5
0.17 19.46
0.09 51.32
0.36 44.02
0.61 33.17
0.15 6.63
0.79 34.45
0.65 24.82
0.80 6.75
0.72 31.34
0.51 4.84
0.68 29.27
0.15 65.72
0.69 57.38
0.46 63.53
0.26 43.92
0.23 24.81
0.53 49.13
0.87 0.69
0.23 45.58
0.49 14.97
0.94 45.54
0.32 20.37
0.13 64.12
0.91 59.35
0.90 28.59
0.10 59.47
0.43 25.96
0.89 50.22
0.15 60.37
0.92 50.57
0.09 55.9
0.88 14.78
0.30 43.89
0.40 58.51
0.68 53.76
0.64 43.99
0.66 17.66
0.39 3.83
0.26 54.4
0.87 0.9
0.43 42.3
0.57 20.6
0.52 9.52
0.21 3.89
0.21 5.16
0.79 33.98
0.11 10.01
0.94 7.87
0.76 7.29
0.19 2.6
0.28 22.72
0.33 25.06
0.52 28.48
0.25 60.53
0.42 25.75
0.90 38.91
0.35 26.51
0.74 54.1
0.03 12.63
0.54 36.87
0.71 13.45
0.75 41.93
0.52 2.47
0.94 46.24
0.22 36.65
0.12 0.9
0.30 45.41
0.29 53.45
0.24 40.33
0.63 63.46
0.09 38.39
0.54 43.93
0.53 39.78
0.63 55.95
0.66 21.63
0.78 50.33
0.32 47.1
0.24 40.26
0.34 66.41
0.73 59.94
0.63 51.24
0.26 26.19
0.02 33.66
0.20 39.35
0.49 42.68
0.33 58.7
0.04 48.9
0.28 66.31
0.02 17.29
0.02 43.55
0.74 41.4
0.69 12.32
0.04 61.74
0.73 15.03
0.05 59.55
0.34 50.35
0.01 33.89
0.78 11.06
0.59 66.5
0.67 40.47
0.08 32.17
0.20 64.73
0.33 46.8
0.06 2.85
0.43 61.4
0.29 63.28
0.82 49.17
0.12 60.24
0.72 26.26
0.39 18.73
0.47 51.42
0.19 16.52
0.58 14.33
0.16 59.82
0.11 45.91
0.71 8.83
0.07 32.07
0.33 58.46
0.04 55.78
0.64 17.84
0.61 2.00
0.29 12.11
0.83 1.09
0.26 24.55
0.35 59.62
0.19 48.78
0.13 52.14
0.59 7.92
0.23 39.92
0.66 0.94
0.18 29.67
0.30 2.83
0.02 29.07
0.57 16.19
0.20 35.86
0.68 13.51
0.72 62.79
0.72 38.12
0.11 30.63
0.77 1.92
0.96 31.37
0.50 15.39
0.79 49.95
0.93 21.31
0.31 35.13
0.28 49.44
0.01 39.56
0.63 22.39
0.26 51.4
0.70 47.23
0.08 29.65
0.48 10.69
0.59 10.08
0.81 23.36
0.30 51.44
0.67 29.95
0.59 7.43
0.73 59.24
0.90 7.01
0.52 12.98
0.87 63.08
0.62 30.96
0.84 58.99
0.28 25.28
0.75 28.69
0.19 12.44
0.46 37.34
0.06 38.83
0.54 37.22
0.27 16.37
0.35 30.2
0.84 14.78
0.83 42.56
0.64 17.4
0.44 38.11
0.31 3.55
0.30 36.82
0.80 17.45
0.15 3.16
0.03 39.3
0.33 25.89
0.38 33.93
0.66 36.49
0.48 28.9
0.84 62.22
0.07 2.39
0.52 18.25
0.87 42.64
0.23 38.00
0.17 29.95
0.99 63.8
0.45 16.46
0.29 65.1
0.11 12.5
0.77 27.16
0.07 20.59
0.71 62.96
0.04 43.43
0.04 6.23
0.49 17.39
0.83 35.49
0.94 59.62
0.97 36.96
0.76 5.04
0.97 64.27
0.45 51.89
0.41 55.32
0.37 11.91
0.12 60.31
0.04 7.00
0.95 43.35
0.45 59.38
0.83 55.15
0.88 11.12
0.04 39.57
0.55 50.63
0.65 39.74
0.56 52.87
0.39 56.46
0.39 51.41
0.75 48.31
0.22 59.21
0.05 36.46
0.78 0.5
0.69 57.58
0.50 60.73
0.67 51.86
0.14 59.85
0.53 63.26
0.80 11.09
0.54 31.12
0.38 19.58
0.68 20.08
0.38 29.18
0.40 7.41
0.91 29.96
0.04 14.01
0.67 34.3
0.54 53.37
0.01 43.57
0.58 12.29
0.19 2.58
0.37 48.29
0.01 33.01
0.31 56.13
0.18 39.67
0.07 57.59
0.88 66.7
0.52 54.53
0.78 48.53
0.59 1.94
0.31 36.8
0.33 53.51
0.78 66.22
0.17 61.42
0.40 49.6
0.10 1.55
0.51 7.61
0.30 7.14
0.89 8.09
0.73 58.15
0.58 11.19
0.36 41.05
0.62 22.67
0.57 14.16
0.17 25.7
0.73 28.77
0.34 58.37
0.01 0.97
0.09 25.94
0.50 9.61
0.94 28.49
0.71 55.85
0.43 22.42
0.58 60.35
0.60 63.9
0.19 22.27
0.71 24.81
0.99 18.83
0.82 28.44
0.28 8.94
0.99 49.84
0.21 23.79
0.79 13.39
0.14 26.24
0.30 16.95
0.04 66.78
0.71 29.9
0.83 63.7
0.79 42.08
0.74 57.61
0.63 28.41
0.72 10.57
0.19 14.04
0.38 37.73
0.17 36.39
0.52 21.78
0.04 60.01
0.09 16.05
0.54 57.3
0.64 66.49
0.78 22.87
0.22 47.67
0.01 35.07
0.05 14.77
0.35 7.39
0.38 20.92
0.47 9.05
0.01 18.35
0.64 37.36
0.94 59.76
0.68 9.05
0.15 6.5
0.36 64.64
0.13 3.72
0.38 41.92
0.82 38.91
0.94 38.62
0.81 54.99
0.69 48.58
0.45 16.68
0.02 61.33
0.33 25.49
0.46 52.7
0.66 63.48
0.83 1.92
0.29 54.62
0.46 5.31
0.47 63.29
0.15 44.32
0.13 21.82
0.11 34.82
0.15 64.63
0.50 8.44
0.42 14.58
0.41 19.42
0.88 34.23
0.03 18.06
0.54 50.03
0.39 16.24
0.21 27.74
0.07 61.89
0.88 10.05
0.03 61.13
0.01 55.79
0.58 52.36
0.33 40.03
0.82 46.05
0.37 21.61
0.58 1.87
0.18 14.29
0.58 25.86
0.61 52.13
0.93 31.72
0.90 30.76
0.26 15.52
0.18 65.75
0.23 2.49
0.84 13.5
0.24 31.64
