509 96.67
0.46 8.03
0.41 76.8
0.52 33.23
0.21 20.37
0.81 35.83
0.92 16.01
0.88 56.45
0.68 16.78
0.99 31.19
0.58 91.67
0.77 37.76
0.80 31.04
0.12 83.9
0.35 4.62
0.24 38.98
0.08 30.14
0.61 18.23
0.58 38.39
0.36 37.22
0.08 47.14
0.75 77.51
0.03 57.34
0.08 22.17
0.50 9.74
0.12 34.12
0.62 94.94
0.29 7.65
0.52 65.55
0.43 1.93
0.66 9.92
0.80 85.69
0.83 40.79
0.70 0.53
0.39 50.62
0.13 15.48
0.77 77.94
0.72 6.01
0.37 10.66
0.44 54.2
0.37 72.81
0.82 4.18
0.03 39.59
0.34 9.59
0.87 49.1
0.02 14.77
0.50 92.54
0.45 16.13
0.98 5.75
0.17 49.81
0.37 39.53
0.70 73.09
0.89 76.49
0.48 11.1
0.59 50.11
0.21 52.26
0.98 3.7
0.05 0.86
0.70 50.43
0.45 67.92
0.79 56.83
0.32 27.56
0.94 16.33
0.43 16.96
0.05 75.46
0.17 49.99
0.43 47.54
0.13 4.06
0.51 74.56
0.94 72.24
0.38 51.8
0.22 35.59
0.78 29.75
0.63 24.43
0.59 30.71
0.58 47.2
0.57 90.19
0.63 55.24
0.69 6.5
0.25 52.22
0.01 90.73
0.82 12.09
0.93 43.9
0.69 6.15
0.64 18.45
0.87 76.92
0.59 85.34
0.79 48.89
0.55 69.47
0.05 94.99
0.80 48.41
0.53 82.54
0.14 75.49
0.05 96.55
0.20 61.73
0.65 48.01
0.09 60.38
0.43 39.38
0.84 46.07
0.31 51.54
0.82 31.02
0.23 37.84
0.29 3.59
0.30 8.56
0.86 80.69
0.11 45.69
0.65 6.29
0.03 49.2
0.42 85.66
0.01 68.7
0.55 50.53
0.09 26.42
0.93 7.46
0.05 38.54
0.61 76.35
0.82 39.32
0.51 4.39
0.33 60.4
0.53 54.26
0.72 55.46
0.42 63.97
0.47 72.75
0.90 66.34
0.36 23.24
0.90 36.52
0.77 18.92
0.10 21.48
0.01 54.6
0.93 60.14
0.71 32.22
0.18 74.85
0.67 21.57
0.42 63.75
0.28 50.53
0.90 86.57
0.19 4.49
0.81 78.5
0.82 32.1
0.76 92.25
0.99 76.99
0.17 2.84
0.84 24.93
0.78 87.21
0.07 39.71
0.12 81.58
0.69 0.14
0.71 82.92
0.21 16.77
0.31 44.21
0.08 44.98
0.59 61.00
0.43 46.76
0.37 24.16
0.10 83.55
0.81 95.36
0.39 17.88
0.54 88.7
0.98 61.39
0.75 44.83
0.97 53.27
0.47 64.89
0.47 8.87
0.24 63.92
0.07 47.47
0.88 94.35
0.80 63.23
0.86 51.46
0.84 12.85
0.12 57.68
0.61 62.96
0.08 26.37
0.07 86.24
0.83 83.87
0.75 42.86
0.22 83.81
0.09 63.44
0.33 1.48
0.79 37.12
0.64 49.21
0.84 10.35
0.80 70.14
0.17 78.00
0.93 61.36
0.81 37.78
0.19 11.13
0.52 21.76
0.49 6.29
0.97 85.67
0.61 1.16
0.83 37.79
0.18 18.49
0.32 87.79
0.85 33.93
0.21 14.82
0.51 85.45
0.65 38.18
0.93 87.24
0.23 36.61
0.90 14.58
0.80 52.37
0.51 22.39
0.35 9.7
0.20 42.63
0.93 8.97
0.97 94.43
0.14 84.61
0.07 71.86
0.82 7.47
0.24 4.14
0.83 37.66
0.72 40.88
0.63 27.49
0.34 0.92
0.49 93.52
0.47 42.98
0.90 56.82
0.51 16.05
0.89 50.12
0.37 75.69
0.51 10.58
0.69 82.5
0.57 46.77
0.06 80.77
0.50 29.23
0.03 76.65
0.53 18.74
0.36 70.9
0.41 59.4
0.06 48.67
0.27 51.77
0.85 20.6
0.87 29.58
0.64 36.38
0.42 86.19
0.17 41.48
0.82 95.66
0.08 83.88
0.98 76.00
0.91 82.00
0.10 61.52
0.88 46.24
0.01 33.54
0.58 50.42
0.48 44.8
0.19 61.22
0.67 95.69
0.86 4.04
0.26 54.8
0.26 15.27
0.08 76.31
0.96 75.55
0.48 60.61
0.06 10.03
0.54 54.84
0.25 67.58
0.93 63.27
0.31 67.83
0.09 73.63
0.36 71.78
0.15 79.07
0.98 27.82
0.05 75.94
0.67 33.05
0.22 39.11
0.58 64.79
0.16 9.94
0.95 92.61
0.78 2.86
0.94 90.57
0.24 5.88
0.31 55.15
0.65 60.42
0.60 79.75
0.17 2.14
0.28 12.31
0.59 81.4
0.53 76.33
0.66 7.35
0.53 53.25
0.10 77.82
0.99 61.37
0.66 26.97
0.09 86.29
0.36 55.31
0.03 84.95
0.34 43.76
0.26 5.59
0.63 12.46
0.68 17.23
0.79 94.05
0.30 55.94
0.96 34.44
0.57 72.73
0.94 28.56
0.97 64.51
0.83 7.28
0.09 56.33
0.21 72.97
0.67 40.14
0.91 71.6
0.48 1.68
0.43 50.02
0.87 59.26
0.12 53.54
0.68 2.18
0.19 37.78
0.47 47.86
0.32 20.1
0.29 39.51
0.95 30.74
0.56 31.28
0.24 26.78
0.78 65.37
0.04 77.43
0.59 45.97
0.29 64.35
0.07 64.34
0.46 96.54
0.56 78.93
0.07 73.76
0.34 29.59
0.62 5.85
0.92 83.5
0.81 88.27
0.76 47.24
0.74 76.4
0.61 36.04
0.95 82.53
0.01 38.31
0.46 4.74
0.84 86.85
0.46 91.7
0.90 75.72
0.71 63.51
0.48 62.75
0.74 90.16
0.35 78.72
0.82 12.25
0.35 51.08
0.81 1.65
0.08 85.51
0.93 83.94
0.16 73.21
0.88 96.84
0.40 44.98
0.67 70.89
0.35 5.19
0.60 87.32
0.37 22.35
0.46 56.36
0.63 64.73
0.66 9.08
0.60 25.81
0.82 14.29
0.18 6.74
0.17 25.96
0.58 61.02
0.77 21.41
0.61 58.16
0.96 56.72
0.84 19.88
0.57 85.97
0.17 75.5
0.32 89.8
0.50 47.06
0.19 72.02
0.29 85.04
0.07 58.98
0.20 69.14
0.17 25.38
0.01 78.11
0.34 27.28
0.32 2.79
0.64 43.59
0.67 90.17
0.86 15.19
0.16 52.76
0.75 63.74
0.95 32.4
0.64 9.78
0.66 6.08
0.29 93.35
0.09 77.38
0.40 94.33
0.51 61.76
0.68 43.88
0.67 95.64
0.42 58.38
0.90 90.78
0.54 52.08
0.72 10.16
0.53 3.51
0.63 81.41
0.03 75.27
0.55 88.03
0.23 87.46
0.63 55.93
0.27 49.52
0.17 91.94
0.95 46.55
0.22 57.71
0.76 12.75
0.91 45.68
0.46 72.95
0.01 60.5
0.77 0.96
0.40 7.9
0.20 8.94
0.37 52.88
0.85 50.87
0.40 72.96
0.12 0.6
0.39 43.06
0.07 90.3
0.55 43.43
0.05 72.95
0.54 13.02
0.96 85.62
0.90 22.14
0.30 7.64
0.69 48.89
0.17 12.41
0.78 3.85
0.36 10.27
0.66 17.7
0.09 75.43
0.04 29.08
0.58 77.93
0.21 19.67
0.87 1.27
0.04 71.75
0.45 40.39
0.86 18.42
0.23 54.04
0.50 73.74
0.73 34.49
0.68 39.3
0.76 49.07
0.21 22.78
0.88 10.79
0.15 14.02
0.42 59.43
0.33 13.27
0.73 68.32
0.75 93.58
0.48 27.07
0.16 18.37
0.44 20.96
0.65 42.74
0.06 52.53
0.73 18.56
0.68 77.51
0.53 27.64
0.81 0.84
0.65 75.77
0.23 76.57
0.30 92.27
0.19 37.47
0.15 54.9
0.41 12.94
0.94 86.13
0.02 6.42
0.05 59.69
0.70 40.21
0.54 5.49
0.84 80.25
0.93 62.69
0.20 81.58
0.68 48.13
0.58 89.25
0.04 36.63
0.17 38.69
0.60 44.29
0.81 66.69
0.03 72.27
0.04 8.59
0.29 1.22
0.98 22.55
0.57 42.04
0.22 52.93
0.47 56.29
0.63 74.2
0.32 86.16
0.61 67.82
0.83 22.06
0.62 26.15
0.73 55.16
0.95 6.9
0.51 15.32
0.55 37.84
0.01 36.41
0.30 67.02
0.84 53.18
0.97 72.52
0.32 95.58
0.94 73.73
0.20 81.42
0.15 87.32
0.18 2.65
0.25 91.49
0.26 27.42
0.08 79.09
0.10 63.14
0.80 60.87
0.32 93.82
0.42 39.07
0.16 59.88
0.58 27.27
0.90 45.81
0.07 71.72
