92
2
3740 701 
5
1426 1305 2692 583 387 
10
718 2350 65 2637 269 1372 266 187 3465 2515 
9
1199 915 761 2557 1410 2965 73 1920 2777 
6
1071 2517 268 3598 3942 1572 
9
525 2310 3668 1594 659 3732 231 928 1456 
8
1114 920 3362 2104 2471 628 3216 1027 
8
2181 1451 3957 957 1019 1380 3473 1286 
7
3767 2858 3617 643 1167 3285 2236 
8
3368 2818 3105 823 3665 570 2095 3379 
3
565 6 2241 
3
2395 421 3394 
4
1729 412 83 1554 
9
1411 1320 906 1027 1962 2425 663 197 602 
1
3367 
8
1205 3031 979 3299 2761 3651 215 2767 
3
2158 1161 2663 
1
3864 
2
2314 298 
5
714 2060 3616 1972 3439 
7
396 101 2125 1349 131 1491 1406 
6
874 2384 986 3634 2386 1201 
2
629 3358 
5
3643 1260 480 386 3925 
8
2682 638 3189 2297 2609 2627 225 3356 
8
2702 704 2858 544 2461 545 1417 1196 
1
1403 
4
2731 154 914 2440 
8
556 3699 898 942 3623 2027 3975 612 
5
2272 3221 3842 2848 2576 
9
1549 3632 1778 2093 2092 2323 3509 3288 3853 
1
3221 
5
1417 134 1374 1834 1041 
4
3083 2334 1046 1109 
9
1657 2324 932 1229 2165 3779 157 1085 1328 
8
2862 3420 1879 1536 3280 1166 1388 543 
8
674 2311 1223 2399 144 2264 3822 3579 
7
1219 687 2905 3228 3362 3836 456 
8
3615 612 2962 1294 399 2176 1065 2630 
1
696 
7
1451 1590 885 2124 3900 2107 523 
6
722 344 3974 1319 1915 1012 
5
1142 374 763 1949 2251 
7
2913 1565 2022 3663 3740 3086 2292 
10
133 2439 900 1723 3675 3376 1974 2133 3898 2721 
5
593 2694 173 2859 58 
7
4000 783 1509 2301 3033 2237 1213 
9
610 875 1040 47 3519 490 180 1957 1741 
4
1983 1468 579 115 
5
3300 2969 2310 2345 3493 
10
2402 592 1520 3184 2452 172 2569 1041 1384 3869 
10
2610 909 2049 2128 1750 2228 436 3842 833 2418 
10
1411 2885 3026 1062 1853 1335 3407 1698 2855 2160 
9
726 1344 740 1249 264 1780 2632 132 3782 
3
1040 1830 73 
1
409 
8
2983 1593 3278 292 3355 2162 3317 417 
6
1004 3823 2063 210 1982 703 
7
3677 1443 2535 292 3574 1518 424 
7
3462 1815 1536 3534 956 2296 42 
10
3888 3671 581 3243 2184 249 3659 2549 1604 3833 
4
2165 2166 1666 3451 
5
3460 2337 2486 3034 3854 
1
2740 
6
1428 628 3201 2735 2923 3242 
4
2811 3264 3956 2405 
7
204 2415 348 2160 2599 1311 324 
4
2976 3775 3310 2436 
3
2148 1821 2669 
8
912 1984 2835 1539 1536 1569 462 1130 
2
3624 393 
9
2028 2192 1103 794 2539 3262 3392 3849 3937 
7
3176 3711 3817 1963 2526 1964 135 
4
3723 1047 3529 2558 
5
1064 478 3398 2193 1422 
3
2586 2320 1400 
7
3774 2545 3667 3387 1936 3515 3324 
3
3042 3386 2611 
7
1911 574 1491 3104 648 2537 2632 
7
1474 3696 35 871 2240 1808 244 
5
479 1995 1953 253 540 
9
3991 2827 1485 3314 1269 879 3052 3879 2235 
2
804 3725 
8
1804 2614 3049 1360 87 3096 1746 957 
6
3553 1552 2512 32 3547 465 
6
438 2435 626 3264 272 3940 
3
1150 2991 763 
4
304 1919 3460 721 
2
2073 122 
1
2159 
7
2827 3468 904 2731 1019 3416 2762 
7
232 3397 1354 2666 375 618 3289 
