20
8006 217
17853 174
25989 937
28318 833
34880 142
35535 429
43251 978
48313 178
52933 69
60232 435
68073 301
73819 460
75134 598
85089 107
86976 299
94769 892
102638 639
103057 3
106634 746
113823 489
20
7200 474
16728 964
19774 130
23821 444
31705 955
37193 313
38657 729
45713 327
52609 484
61554 723
61773 687
61951 366
67317 945
75557 152
79080 109
84579 722
85516 25
87555 981
93711 84
101489 390
4
7262 502
16693 379
18202 599
22847 566
4
7703 194
17251 38
22487 832
27594 454
4
2 9
7 8
10 2
16 8
0

