20
738325 174418
1.18349e+06 291614
1.28749e+06 186676
1.39803e+06 640502
1.48329e+06 735849
1.83821e+06 495097
2.18696e+06 639777
2.8851e+06 588804
3.6718e+06 325919
4.43777e+06 714927
5.39429e+06 832480
6.22195e+06 877859
6.96839e+06 900276
7.88126e+06 714535
8.62531e+06 869743
9.13299e+06 482373
9.17715e+06 952838
9.46749e+06 148161
9.607e+06 400881
1.03957e+07 741130
20
653083 659930
1.40566e+06 1831
1.70537e+06 967071
1.81236e+06 602753
2.10535e+06 872963
2.93938e+06 249509
3.64483e+06 661690
4.28855e+06 968238
4.36687e+06 556585
5.04964e+06 822367
5.99232e+06 706803
6.81342e+06 986841
7.47306e+06 111431
8.12441e+06 315508
8.15308e+06 440018
8.72607e+06 681747
9.34237e+06 841921
9.5423e+06 432360
1.03513e+07 823270
1.09028e+07 618335
20
696234 385497
1.08043e+06 918029
1.12762e+06 544270
1.53024e+06 641857
2.14745e+06 601745
2.61167e+06 559887
2.92022e+06 801668
2.9833e+06 484541
3.8964e+06 714435
4.21281e+06 458117
4.88361e+06 889392
5.53983e+06 287105
5.7875e+06 372499
6.02332e+06 573011
6.21909e+06 787282
6.41043e+06 892003
6.58321e+06 91895
6.9096e+06 736318
7.54576e+06 729004
7.92394e+06 253372
20
330750 358752
660362 155649
820784 392692
1.46098e+06 73521
1.5681e+06 956592
1.61609e+06 777932
1.97843e+06 704206
2.55982e+06 610003
3.15288e+06 817207
3.85225e+06 788828
4.45674e+06 407064
4.65392e+06 293621
5.15288e+06 523568
5.18282e+06 135125
5.95175e+06 924467
6.8566e+06 99673
7.13982e+06 234461
7.39514e+06 443641
8.0223e+06 411864
8.05581e+06 250632
20
884810 81504
913375 247146
1.21544e+06 126306
1.58894e+06 895120
2.53245e+06 72867
2.73276e+06 64354
3.72904e+06 913836
4.60337e+06 495243
5.04077e+06 904267
5.67114e+06 206328
6.01623e+06 51571
6.83858e+06 628306
7.12462e+06 594027
7.71292e+06 429538
8.23516e+06 621813
8.91533e+06 407052
9.135e+06 225087
9.7892e+06 38084
1.01406e+07 544051
1.05902e+07 811258
20
133271 649857
1.00888e+06 129554
1.57258e+06 749940
2.19738e+06 517449
2.36794e+06 771518
2.60807e+06 31997
3.43116e+06 578834
3.60781e+06 625474
3.78068e+06 764955
4.35204e+06 695104
5.25516e+06 251534
5.87367e+06 639142
6.86665e+06 272707
7.54387e+06 860718
7.87698e+06 126783
8.54896e+06 466381
8.84196e+06 63941
8.95424e+06 856685
9.76812e+06 253437
1.06586e+07 500792
20
24956 130615
557746 364397
1.2672e+06 709445
1.77342e+06 398662
2.76417e+06 77587
3.37429e+06 893874
4.21977e+06 228627
4.75278e+06 838447
4.77047e+06 726595
5.46964e+06 350798
6.32302e+06 371142
6.65655e+06 146370
7.60798e+06 962171
8.12739e+06 765316
8.343e+06 409893
9.12546e+06 756915
9.66597e+06 831601
9.78728e+06 766309
1.03283e+07 143887
1.10097e+07 48152
20
221475 291441
1.1635e+06 583300
1.19992e+06 991394
1.62167e+06 54108
2.33966e+06 637264
3.26092e+06 571367
3.78568e+06 254789
4.01977e+06 476193
4.23673e+06 269848
4.99459e+06 948920
5.67434e+06 540321
6.38017e+06 736601
6.7521e+06 343500
6.77136e+06 429322
7.25875e+06 700585
7.73622e+06 225214
8.72825e+06 935852
9.53677e+06 28448
1.0464e+07 746613
1.10629e+07 161588
20
383879 520166
633187 908636
924495 999749
1.30933e+06 24620
1.57892e+06 142691
2.55246e+06 949339
2.75183e+06 679376
2.95412e+06 87640
2.977e+06 221555
3.49396e+06 26617
4.41611e+06 510788
4.66794e+06 430519
5.63093e+06 576698
6.60625e+06 406590
6.92956e+06 574227
7.49774e+06 707189
8.10849e+06 817486
8.24067e+06 902053
9.0579e+06 517008
9.98458e+06 603184
20
176052 416565
728576 375416
824519 754816
1.28758e+06 635171
1.7803e+06 496370
1.95844e+06 414863
2.48195e+06 946323
3.32734e+06 486502
3.85036e+06 820702
4.74345e+06 362685
5.65474e+06 977623
6.24096e+06 522027
6.55242e+06 718404
6.9765e+06 645048
7.72827e+06 867105
7.9765e+06 444168
8.26018e+06 800756
8.59611e+06 895965
8.66804e+06 315345
8.71553e+06 564647
20
811716 741980
1.30758e+06 851578
1.99588e+06 341246
2.33396e+06 727677
3.01227e+06 747525
3.61898e+06 105934
4.34413e+06 192940
4.97209e+06 36610
5.39979e+06 568394
6.08145e+06 695813
7.0333e+06 929892
7.17329e+06 751875
7.42029e+06 475918
7.58448e+06 835277
7.8921e+06 728032
8.80837e+06 119330
9.27839e+06 412139
1.02493e+07 674667
1.0519e+07 825341
1.09214e+07 948038
20
572867 9058
1.14319e+06 298015
1.86154e+06 198286
2.71252e+06 146048
2.99556e+06 48989
3.35377e+06 234885
3.849e+06 498195
4.35212e+06 742233
4.84258e+06 667304
4.93645e+06 798080
5.33178e+06 10139
5.76555e+06 381700
6.18783e+06 921023
6.24419e+06 692016
6.99056e+06 975064
7.14697e+06 835582
7.64744e+06 726730
8.29739e+06 218825
8.73876e+06 500928
9.61999e+06 724402
20
66270 239439
541910 561502
795897 978751
1.61598e+06 260803
2.26204e+06 913950
2.32092e+06 557743
3.24502e+06 8997
4.18446e+06 862719
4.63083e+06 995810
5.18557e+06 709088
6.15644e+06 227493
6.70112e+06 987701
7.17169e+06 710973
7.37822e+06 911945
8.10647e+06 604104
8.25917e+06 794522
9.10272e+06 628338
9.45874e+06 613881
9.58218e+06 176111
1.04569e+07 769496
20
90062 449919
933654 530502
1.39257e+06 299386
1.78579e+06 905289
2.08099e+06 464309
2.21172e+06 782423
2.41988e+06 675400
3.19e+06 678731
3.57638e+06 493002
4.16705e+06 114626
4.26416e+06 743375
4.68966e+06 457001
5.57773e+06 781524
5.64861e+06 11506
6.1226e+06 461918
6.41995e+06 564049
7.33179e+06 657297
7.9427e+06 887106
8.89938e+06 4126
9.20813e+06 768231
20
984788 439476
1.0518e+06 192942
1.68302e+06 837130
2.07105e+06 17602
2.91754e+06 978701
3.56612e+06 459943
3.80455e+06 74081
4.72149e+06 642845
5.09345e+06 504179
5.26416e+06 845946
6.23026e+06 468057
7.1566e+06 394287
7.28196e+06 537251
7.56335e+06 82037
7.62108e+06 106492
8.47135e+06 558869
9.01732e+06 917275
9.76914e+06 693550
1.00399e+07 656189
1.02674e+07 633595
20
151243 876085
244782 389671
711302 526835
1.26017e+06 354829
1.80754e+06 719572
2.00832e+06 513465
2.7123e+06 643474
3.1364e+06 345688
3.31713e+06 221850
3.74486e+06 754807
4.0732e+06 794346
4.38688e+06 390663
4.61485e+06 581840
4.69906e+06 15084
4.93709e+06 311718
5.10213e+06 389271
5.80628e+06 258569
6.10158e+06 687026
6.40334e+06 844163
6.44519e+06 849124
20
80088 758982
959030 784068
1.36149e+06 303045
1.49124e+06 583183
2.01614e+06 73834
2.87048e+06 369590
3.25502e+06 168019
3.53162e+06 128858
4.28148e+06 360819
4.94178e+06 504240
5.13067e+06 825325
6.02418e+06 893044
6.62443e+06 705158
6.72085e+06 902004
6.78653e+06 138278
7.53766e+06 145760
7.95127e+06 146421
8.39745e+06 816070
8.84692e+06 92289
9.76252e+06 490714
20
682476 769947
1.54278e+06 67007
1.9971e+06 136909
2.70932e+06 720529
2.7234e+06 372512
2.94817e+06 202969
3.66236e+06 634633
4.27473e+06 314437
4.61452e+06 708789
4.83096e+06 405464
5.19438e+06 483921
5.26196e+06 777032
5.8923e+06 30108
6.00176e+06 596160
6.12416e+06 25059
6.72738e+06 321224
7.03874e+06 463530
7.94333e+06 765677
8.06012e+06 616802
8.54633e+06 647224
20
989315 710976
1.35586e+06 703504
2.21782e+06 978912
2.75212e+06 201752
2.95617e+06 267086
3.07974e+06 83824
3.3471e+06 707496
3.72431e+06 414053
4.46192e+06 486663
4.47213e+06 376354
4.98386e+06 613440
5.68144e+06 339434
6.27476e+06 118515
6.37987e+06 226467
7.11519e+06 107670
7.98888e+06 240983
8.32388e+06 756589
8.78472e+06 196960
9.03658e+06 995133
9.43529e+06 455906
20
778573 38633
834657 45931
1.58079e+06 433292
2.04077e+06 87
2.96073e+06 470199
3.85352e+06 948030
4.45352e+06 106724
5.25733e+06 709666
5.48257e+06 908928
6.41871e+06 960556
6.95166e+06 326177
7.66955e+06 867949
7.75232e+06 178732
7.81723e+06 334620
8.50745e+06 979975
8.81433e+06 468789
9.34929e+06 879313
9.86401e+06 281090
1.01766e+07 974706
1.09741e+07 748913
0
