86 5
102 19
27 9
178 5
190 2
157 20
161 4
35 11
78 16
33 19
166 18
14 2
180 15
196 18
71 7
58 2
76 2
183 18
189 8
70 2
58 12
57 13
117 15
61 4
167 4
95 17
4 4
143 6
91 19
167 16
171 9
32 8
98 8
63 1
135 7
29 16
73 6
169 17
132 3
98 7
36 6
192 19
15 4
178 11
81 19
178 19
86 14
168 10
137 11
32 9
76 7
24 10
57 16
52 16
135 10
48 16
56 16
121 8
179 10
87 2
6 16
181 7
143 18
187 15
139 9
111 8
189 10
121 19
41 7
40 16
35 8
16 14
85 17
29 14
192 12
192 17
94 19
4 20
128 11
77 7
166 8
42 6
80 14
161 7
48 10
11 7
2 4
40 11
118 14
63 9
139 3
24 3
35 1
182 20
128 8
143 14
7 11
165 9
60 7
118 4
43 8
100 4
66 3
85 15
163 15
9 12
159 20
6 2
15 8
26 15
7 7
150 15
66 3
11 13
4 9
187 17
168 11
89 18
96 19
130 20
34 7
77 1
126 16
56 2
29 15
42 3
7 7
157 1
67 3
152 11
9 14
115 10
141 19
79 16
134 11
57 13
105 17
73 18
127 7
129 7
164 6
58 17
76 9
197 6
95 15
14 5
50 14
147 3
89 13
142 13
148 4
103 15
1 11
43 3
62 3
194 14
12 2
154 4
26 11
184 5
19 16
135 4
39 7
126 6
23 15
63 5
179 7
180 1
55 15
66 18
109 5
55 8
116 4
10 8
32 12
173 3
105 6
73 9
105 16
29 3
27 3
56 12
168 10
144 10
19 20
52 4
29 1
6 1
182 14
197 3
119 5
21 5
40 3
169 13
94 6
29 1
90 6
